9
15
20
21
22
22
24
38
41
45
48
50
51
53
59
61
66
69
70
71
72
73
74
75
75
78
82
82
82
90
101
104
105
108
110
110
114
114
122
124
125
127
136
138
139
153
153
154
156
157
165
167
170
172
176
179
182
184
185
185
188
190
193
193
197
197
200
200
207
212
222
222
223
229
229
234
240
241
242
245
248
249
252
256
258
266
268
272
275
278
279
283
284
286
293
294
294
299
301
303
303
308
312
315
316
320
322
327
327
328
329
330
334
336
340
343
343
347
347
348
351
354
355
361
362
364
366
371
378
380
383
391
391
394
396
397
401
401
407
409
414
421
427
429
429
430
430
430
431
433
433
433
442
446
451
460
461
471
474
482
482
483
484
485
490
495
497
506
507
510
510
511
512
520
532
532
536
538
541
561
562
563
575
577
577
582
588
589
591
598
607
608
608
609
611
615
616
617
617
625
627
632
634
635
635
638
646
653
655
656
663
664
667
667
669
670
673
677
678
680
681
681
682
685
689
692
710
714
715
716
719
720
724
725
727
728
731
731
732
733
746
746
749
757
757
758
758
760
761
761
763
770
770
771
781
783
784
785
791
791
792
794
797
799
807
808
814
816
826
828
829
830
832
837
837
840
843
843
850
860
864
867
868
869
870
873
880
881
885
889
891
892
893
896
897
898
900
906
907
917
917
917
920
934
938
943
947
947
948
950
954
956
956
957
957
958
959
959
963
965
966
971
971
979
979
980
983
984
988
988
990
995
1002
1002
1007
1008
1010
1013
1015
1030
1032
1033
1039
1043
1045
1049
1051
1052
1052
1052
1054
1057
1058
1058
1059
1063
1065
1066
1069
1074
1079
1080
1084
1085
1092
1098
1103
1105
1112
1113
1113
1115
1122
1124
1125
1127
1131
1133
1138
1140
1140
1143
1144
1147
1150
1154
1154
1158
1159
1161
1162
1164
1168
1173
1174
1177
1188
1192
1194
1199
1213
1216
1220
1223
1227
1227
1236
1237
1238
1239
1245
1251
1251
1255
1256
1257
1260
1262
1263
1263
1268
1268
1269
1272
1273
1276
1277
1277
1277
1281
1292
1296
1298
1298
1304
1308
1309
1316
1323
1327
1327
1330
1333
1340
1341
1348
1358
1358
1359
1362
1362
1367
1370
1377
1377
1379
1382
1385
1388
1391
1402
1404
1405
1407
1409
1415
1429
1439
1442
1443
1445
1448
1451
1452
1455
1459
1468
1477
1484
1490
1495
1500
1501
1510
1515
1516
1517
1519
1521
1532
1535
1538
1539
1542
1544
1545
1547
1555
1561
1561
1561
1562
1567
1569
1582
1588
1588
1595
1598
1599
1600
1612
1614
1615
1618
1622
1623
1626
1627
1627
1634
1635
1639
1640
1642
1642
1643
1644
1646
1655
1661
1667
1681
1686
1686
1689
1689
1693
1699
1705
1709
1716
1718
1723
1725
1729
1730
1734
1741
1743
1748
1749
1752
1758
1760
1763
1767
1770
1770
1783
1784
1785
1792
1797
1800
1800
1801
1804
1807
1812
1816
1820
1820
1822
1831
1833
1834
1837
1847
1848
1850
1851
1852
1855
1857
1858
1862
1866
1870
1873
1877
1881
1881
1883
1884
1885
1900
1901
1910
1911
1913
1916
1918
1920
1923
1925
1926
1928
1928
1933
1940
1943
1961
1961
1971
1981
1986
1988
1993
1994
1999
2003
2003
2004
2010
2011
2013
2015
2015
2020
2025
2025
2026
2033
2037
2042
2051
2053
2054
2059
2061
2069
2073
2074
2078
2078
2079
2088
2089
2089
2091
2095
2096
2104
2105
2105
2106
2108
2108
2111
2113
2120
2123
2124
2129
2130
2136
2149
2150
2151
2151
2154
2154
2154
2160
2161
2166
2166
2167
2168
2169
2170
2176
2188
2194
2195
2203
2208
2212
2215
2219
2221
2222
2234
2236
2236
2239
2242
2243
2247
2247
2252
2255
2255
2257
2259
2263
2268
2270
2281
2282
2284
2286
2289
2290
2290
2296
2303
2308
2322
2325
2326
2335
2343
2344
2346
2346
2352
2352
2357
2361
2372
2377
2384
2386
2386
2387
2388
2389
2389
2391
2391
2393
2394
2395
2409
2409
2414
2419
2421
2432
2434
2436
2444
2445
2446
2452
2452
2455
2456
2458
2458
2468
2472
2479
2482
2487
2488
2492
2496
2502
2502
2502
2503
2507
2508
2512
2512
2513
2516
2518
2519
2520
2521
2521
2524
2525
2526
2535
2538
2543
2544
2549
2551
2551
2560
2566
2568
2573
2573
2578
2581
2592
2600
2602
2602
2607
2608
2610
2619
2620
2622
2622
2623
2625
2625
2637
2642
2645
2647
2651
2653
2659
2667
2668
2670
2672
2674
2675
2676
2677
2690
2692
2695
2695
2704
2713
2720
2725
2727
2730
2744
2749
2754
2756
2760
2761
2763
2763
2763
2767
2771
2779
2781
2794
2795
2796
2799
2802
2804
2805
2806
2809
2811
2812
2814
2829
2831
2832
2836
2840
2845
2848
2848
2852
2852
2856
2858
2858
2862
2869
2875
2875
2879
2887
2890
2893
2896
2901
2901
2902
2903
2904
2913
2913
2917
2919
2920
2922
2926
2927
2927
2930
2936
2937
2939
2940
2942
2943
2944
2948
2948
2955
2957
2957
2964
2968
2970
2971
2978
2981
2982
2982
2983
2984
2987
2994
2997
2998
3000
3005
3012
3012
3020
3023
3031
3035
3035
3035
3041
3041
3049
3050
3060
3062
3070
3073
3075
3081
3082
3084
3087
3089
3090
3093
3097
3098
3099
3106
3107
3109
3112
3112
3116
3119
3121
3123
3126
3126
3127
3127
3141
3146
3150
3154
3154
3167
3168
3176
3177
3180
3182
3184
3189
3190
3191
3195
3196
3199
3200
3200
3201
3204
3206
3214
3214
3219
3221
3232
3235
3245
3245
3249
3251
3253
3256
3259
3267
3273
3278
3278
3282
3285
3286
3286
3286
3287
3288
3290
3295
3311
3315
3316
3325
3335
3336
3338
3345
3348
3350
3350
3359
3366
3369
3373
3380
3383
3384
3384
3387
3394
3396
3396
3397
3397
3400
3411
3411
3415
3420
3420
3424
3429
3432
3432
3433
3436
3438
3439
3441
3443
3446
3449
3458
3463
3473
3479
3481
3482
3484
3489
3492
3499
3501
3502
3502
3502
3507
3509
3513
3513
3514
3514
3515
3519
3520
3522
3523
3524
3526
3532
3534
3536
3539
3542
3545
3553
3561
3572
3573
3573
3575
3580
3582
3586
3587
3587
3592
3596
3596
3598
3601
3602
3603
3604
3609
3612
3616
3628
3630
3631
3632
3635
3635
3637
3640
3641
3642
3648
3649
3650
3652
3657
3663
3663
3667
3677
3678
3686
3693
3693
3696
3697
3698
3701
3702
3703
3705
3706
3710
3711
3712
3713
3718
3720
3721
3726
3731
3732
3732
3735
3743
3743
3743
3751
3753
3755
3758
3759
3761
3766
3767
3768
3772
3772
3772
3772
3774
3777
3778
3779
3780
3782
3782
3784
3790
3792
3793
3794
3800
3800
3807
3811
3811
3811
3813
3818
3822
3823
3828
3830
3833
3837
3837
3844
3846
3849
3850
3853
3854
3856
3857
3864
3865
3872
3873
3876
3879
3882
3890
3891
3892
3893
3895
3906
3908
3916
3918
3923
3935
3936
3952
3954
3956
3958
3958
3966
3973
3984
3988
3988
3990
3992
3996
4002
4010
4020
4023
4025
4027
4035
4042
4044
4045
4049
4051
4062
4063
4067
4067
4073
4077
4081
4081
4082
4082
4082
4090
4093
4095
4101
4101
4105
4105
4109
4111
4112
4116
4117
4120
4126
4126
4127
4129
4133
4134
4135
4137
4140
4143
4145
4147
4154
4168
4171
4172
4174
4179
4181
4184
4188
4189
4189
4190
4192
4197
4199
4205
4211
4215
4226
4233
4236
4241
4242
4244
4245
4247
4251
4252
4252
4265
4265
4270
4270
4275
4275
4281
4284
4287
4290
4290
4294
4298
4299
4299
4301
4309
4310
4319
4323
4328
4331
4332
4346
4348
4362
4363
4365
4365
4366
4367
4367
4372
4376
4380
4380
4381
4382
4385
4386
4390
4391
4396
4399
4400
4401
4409
4410
4412
4420
4422
4425
4433
4437
4439
4440
4443
4447
4452
4456
4456
4457
4458
4459
4459
4460
4465
4466
4473
4474
4479
4481
4484
4484
4490
4492
4496
4497
4510
4516
4517
4519
4523
4529
4535
4537
4547
4550
4552
4553
4563
4565
4565
4566
4568
4572
4577
4579
4579
4580
4580
4584
4592
4597
4600
4601
4606
4608
4612
4613
4615
4624
4626
4627
4631
4633
4633
4636
4643
4645
4651
4652
4654
4655
4655
4656
4665
4669
4670
4671
4675
4680
4682
4684
4684
4685
4693
4694
4695
4700
4701
4701
4702
4708
4709
4711
4713
4715
4715
4718
4720
4728
4729
4730
4731
4736
4738
4745
4745
4746
4748
4751
4753
4755
4766
4766
4767
4769
4778
4779
4780
4781
4787
4787
4795
4803
4804
4804
4810
4810
4811
4818
4818
4818
4823
4831
4838
4840
4843
4844
4846
4847
4854
4854
4858
4859
4872
4873
4874
4877
4881
4885
4893
4895
4897
4900
4904
4906
4907
4908
4912
4913
4923
4924
4935
4937
4946
4946
4961
4962
4968
4971
4987
4988
4990
5003
5006
5009
5014
5015
5022
5022
5038
5043
5047
5050
5055
5056
5061
5062
5069
5070
5072
5084
5099
5103
5104
5113
5115
5119
5126
5128
5137
5141
5146
5146
5149
5153
5164
5168
5168
5170
5172
5176
5182
5182
5186
5194
5200
5205
5210
5215
5215
5217
5221
5221
5222
5222
5223
5224
5227
5228
5233
5240
5241
5242
5245
5247
5251
5252
5253
5253
5254
5258
5260
5266
5272
5275
5277
5281
5286
5288
5288
5291
5291
5291
5293
5297
5298
5306
5309
5310
5312
5312
5316
5325
5326
5327
5340
5341
5355
5357
5361
5367
5369
5371
5377
5377
5381
5384
5385
5386
5387
5388
5388
5390
5392
5392
5393
5410
5413
5416
5418
5427
5432
5438
5439
5440
5444
5451
5452
5453
5457
5462
5463
5466
5467
5476
5480
5482
5483
5485
5489
5489
5493
5496
5497
5499
5499
5503
5504
5509
5513
5514
5514
5514
5516
5524
5524
5528
5528
5535
5537
5538
5539
5546
5546
5547
5547
5550
5555
5563
5568
5571
5580
5582
5586
5593
5598
5599
5600
5601
5602
5604
5614
5615
5615
5619
5619
5623
5628
5631
5632
5632
5632
5632
5637
5641
5650
5651
5654
5654
5656
5656
5657
5658
5660
5665
5666
5668
5675
5675
5676
5677
5685
5688
5690
5694
5703
5703
5707
5710
5717
5719
5730
5735
5743
5744
5749
5749
5752
5754
5760
5762
5768
5772
5776
5777
5780
5781
5784
5786
5789
5789
5792
5792
5793
5794
5796
5799
5803
5803
5804
5808
5811
5816
5822
5825
5825
5826
5829
5831
5836
5839
5840
5840
5841
5851
5853
5853
5855
5856
5857
5861
5861
5864
5865
5867
5868
5869
5875
5883
5886
5888
5891
5898
5904
5914
5915
5917
5918
5920
5921
5922
5929
5936
5937
5941
5947
5951
5955
5957
5957
5958
5961
5964
5971
5974
5979
5981
5985
5986
5987
5991
5999
6001
6010
6010
6019
6026
6029
6032
6032
6034
6039
6042
6048
6049
6051
6051
6057
6061
6061
6064
6066
6070
6072
6072
6073
6082
6083
6086
6086
6091
6100
6103
6109
6110
6111
6118
6119
6128
6135
6136
6137
6137
6138
6140
6143
6144
6154
6154
6157
6171
6173
6173
6179
6179
6182
6183
6185
6187
6190
6194
6195
6199
6200
6203
6204
6210
6215
6223
6245
6247
6250
6256
6257
6257
6258
6265
6266
6272
6273
6276
6281
6282
6285
6286
6286
6288
6291
6292
6295
6295
6296
6299
6301
6302
6303
6305
6307
6309
6315
6316
6321
6321
6324
6324
6327
6332
6338
6339
6342
6344
6345
6346
6346
6353
6354
6362
6363
6371
6380
6382
6386
6387
6388
6389
6389
6389
6400
6404
6409
6412
6412
6418
6418
6420
6421
6423
6426
6432
6437
6440
6445
6450
6451
6457
6458
6464
6469
6471
6471
6476
6477
6478
6480
6486
6487
6490
6492
6494
6496
6496
6497
6499
6508
6514
6515
6516
6516
6517
6517
6518
6521
6521
6534
6535
6539
6539
6540
6542
6542
6544
6546
6546
6548
6550
6550
6551
6558
6564
6564
6570
6572
6573
6573
6574
6582
6585
6593
6601
6603
6603
6603
6609
6611
6614
6617
6617
6617
6622
6625
6634
6634
6651
6655
6656
6664
6673
6674
6676
6680
6682
6682
6683
6685
6687
6691
6691
6697
6700
6703
6706
6707
6708
6711
6712
6717
6727
6731
6738
6740
6740
6743
6747
6750
6751
6753
6756
6760
6761
6766
6768
6772
6781
6785
6791
6797
6802
6811
6812
6812
6813
6817
6823
6839
6840
6847
6847
6847
6851
6852
6856
6858
6858
6861
6870
6873
6874
6876
6887
6890
6893
6903
6904
6905
6910
6911
6911
6912
6912
6918
6923
6924
6924
6926
6926
6931
6943
6947
6952
6955
6962
6964
6969
6970
6979
6980
6982
6986
6993
6997
7010
7012
7015
7020
7023
7023
7026
7027
7032
7036
7037
7044
7044
7051
7054
7058
7059
7059
7059
7060
7067
7067
7071
7073
7075
7077
7081
7103
7104
7110
7117
7118
7121
7129
7134
7134
7137
7144
7146
7148
7149
7151
7158
7161
7161
7170
7174
7175
7177
7186
7191
7192
7199
7201
7202
7204
7216
7216
7223
7223
7224
7226
7239
7249
7250
7250
7250
7255
7256
7258
7258
7265
7270
7275
7277
7282
7283
7283
7287
7290
7292
7292
7292
7294
7295
7297
7298
7305
7305
7307
7310
7310
7313
7314
7317
7322
7324
7331
7334
7338
7350
7360
7364
7375
7375
7376
7380
7383
7384
7385
7388
7389
7396
7402
7403
7405
7405
7406
7411
7420
7426
7428
7430
7432
7432
7438
7444
7448
7450
7451
7456
7458
7462
7465
7465
7468
7473
7477
7484
7485
7485
7490
7490
7491
7493
7497
7499
7503
7503
7510
7514
7516
7517
7525
7525
7532
7536
7541
7542
7545
7547
7553
7555
7559
7567
7570
7572
7574
7578
7579
7580
7580
7581
7583
7586
7588
7589
7599
7602
7605
7608
7615
7616
7619
7619
7620
7622
7623
7625
7630
7633
7638
7642
7645
7649
7651
7653
7655
7656
7657
7659
7665
7668
7669
7675
7676
7681
7682
7684
7685
7686
7693
7703
7706
7708
7712
7715
7718
7721
7722
7723
7727
7729
7730
7742
7747
7753
7753
7754
7761
7763
7772
7773
7774
7775
7777
7781
7783
7790
7796
7797
7797
7806
7817
7822
7829
7831
7840
7846
7846
7848
7850
7852
7857
7862
7862
7866
7869
7870
7872
7881
7883
7883
7883
7888
7891
7893
7894
7894
7895
7896
7903
7922
7922
7923
7923
7925
7935
7935
7937
7937
7942
7943
7944
7947
7954
7955
7962
7965
7966
7970
7979
7990
7995
7997
7999
8004
8009
8010
8013
8014
8023
8025
8026
8033
8035
8041
8048
8049
8054
8054
8061
8062
8066
8066
8068
8073
8073
8073
8074
8076
8080
8089
8093
8102
8108
8109
8112
8117
8124
8128
8129
8129
8129
8131
8134
8136
8137
8137
8148
8162
8162
8162
8163
8173
8175
8175
8180
8184
8185
8188
8190
8195
8201
8201
8209
8210
8212
8214
8214
8216
8216
8218
8219
8223
8226
8230
8239
8240
8241
8243
8244
8249
8253
8255
8262
8262
8263
8272
8278
8279
8284
8284
8287
8288
8289
8292
8295
8298
8299
8311
8311
8311
8312
8314
8318
8319
8322
8323
8330
8330
8334
8340
8350
8350
8357
8357
8361
8370
8380
8386
8388
8389
8392
8393
8395
8395
8396
8403
8407
8407
8418
8426
8427
8429
8429
8431
8442
8445
8448
8450
8450
8454
8454
8457
8461
8464
8468
8478
8484
8500
8504
8506
8506
8513
8514
8516
8518
8519
8521
8521
8521
8526
8533
8537
8540
8540
8543
8544
8546
8546
8552
8560
8564
8570
8583
8584
8592
8595
8603
8604
8606
8608
8608
8609
8612
8612
8613
8614
8615
8616
8621
8640
8640
8642
8645
8646
8647
8647
8649
8651
8659
8660
8671
8672
8676
8683
8693
8694
8695
8695
8697
8711
8716
8718
8719
8722
8723
8734
8734
8745
8746
8749
8767
8770
8777
8777
8779
8784
8785
8785
8790
8792
8796
8796
8796
8801
8801
8803
8805
8809
8813
8814
8818
8835
8838
8839
8839
8846
8847
8859
8865
8873
8875
8877
8878
8884
8891
8892
8894
8906
8908
8909
8913
8915
8915
8916
8922
8925
8927
8930
8930
8935
8940
8940
8943
8944
8945
8946
8949
8950
8951
8959
8961
8961
8962
8963
8967
8968
8969
8972
8975
8980
8980
8981
8982
8984
8992
8992
8996
8998
9003
9008
9014
9016
9019
9023
9023
9024
9030
9034
9037
9038
9039
9041
9045
9046
9049
9051
9053
9062
9062
9064
9073
9075
9077
9081
9084
9090
9091
9092
9092
9095
9105
9109
9111
9111
9113
9115
9117
9121
9123
9125
9129
9135
9135
9136
9142
9142
9153
9155
9157
9158
9160
9163
9164
9165
9165
9166
9169
9176
9179
9184
9184
9187
9188
9189
9189
9190
9201
9208
9210
9211
9213
9214
9220
9226
9228
9228
9231
9235
9235
9235
9238
9239
9241
9246
9253
9254
9259
9259
9260
9261
9265
9269
9270
9273
9273
9274
9282
9283
9289
9291
9296
9297
9301
9302
9303
9304
9305
9311
9312
9319
9322
9323
9324
9325
9330
9332
9332
9336
9338
9344
9344
9344
9346
9348
9352
9353
9368
9370
9375
9376
9376
9383
9386
9386
9387
9387
9389
9389
9390
9402
9402
9402
9406
9414
9417
9417
9419
9423
9429
9430
9434
9437
9440
9442
9444
9444
9448
9449
9450
9453
9455
9463
9464
9467
9469
9470
9471
9473
9486
9493
9495
9495
9498
9499
9499
9501
9503
9510
9510
9514
9516
9519
9521
9521
9522
9525
9531
9540
9546
9563
9566
9566
9566
9567
9571
9571
9575
9578
9581
9582
9586
9593
9596
9596
9599
9599
9600
9601
9605
9611
9612
9613
9614
9615
9616
9619
9621
9627
9629
9629
9636
9638
9639
9641
9642
9642
9646
9662
9664
9669
9673
9681
9682
9700
9700
9702
9705
9709
9714
9718
9722
9726
9730
9733
9734
9734
9736
9739
9740
9741
9744
9747
9750
9751
9753
9753
9753
9755
9756
9760
9762
9765
9766
9767
9774
9780
9789
9792
9795
9802
9804
9809
9812
9813
9820
9823
9829
9832
9833
9837
9838
9838
9839
9840
9846
9856
9859
9861
9861
9862
9863
9866
9867
9873
9874
9875
9875
9877
9885
9892
9895
9896
9896
9900
9903
9918
9919
9921
9929
9929
9935
9944
9948
9949
9949
9954
9955
9968
9971
9971
9971
9972
9974
9976
9978
9982
9991
9991
9992
9995
9999
9999
10003
10004
10014
10016
10016
10017
10025
10027
10031
10036
10047
10048
10051
10054
10060
10061
10063
10067
10076
10082
10084
10085
10086
10097
10112
10114
10116
10122
10122
10124
10131
10143
10148
10151
10152
10156
10158
10159
10160
10172
10174
10177
10184
10186
10186
10191
10193
10195
10196
10210
10213
10215
10216
10222
10226
10227
10243
10246
10249
10249
10249
10250
10258
10262
10266
10269
10270
10271
10273
10275
10277
10277
10279
10282
10290
10293
10296
10300
10301
10303
10303
10303
10303
10305
10312
10315
10333
10339
10341
10343
10352
10352
10357
10358
10359
10361
10363
10364
10365
10367
10368
10368
10369
10372
10375
10380
10383
10385
10391
10393
10395
10395
10399
10401
10408
10409
10411
10412
10415
10418
10425
10425
10429
10430
10434
10444
10444
10445
10449
10455
10459
10460
10460
10464
10466
10472
10478
10478
10483
10484
10485
10486
10487
10488
10488
10489
10497
10499
10501
10502
10504
10507
10508
10511
10511
10527
10530
10530
10535
10537
10541
10541
10542
10545
10548
10552
10555
10561
10564
10565
10566
10566
10567
10567
10569
10572
10573
10582
10583
10592
10594
10595
10597
10598
10601
10605
10609
10611
10612
10614
10616
10616
10616
10618
10626
10626
10627
10627
10628
10630
10631
10633
10633
10635
10637
10644
10649
10653
10658
10665
10675
10677
10683
10684
10693
10696
10696
10698
10699
10700
10703
10706
10706
10714
10716
10720
10739
10741
10742
10753
10755
10755
10757
10758
10758
10759
10759
10764
10767
10768
10769
10769
10771
10771
10772
10780
10785
10795
10798
10801
10805
10807
10807
10815
10816
10821
10827
10829
10829
10834
10836
10837
10837
10840
10842
10851
10860
10860
10860
10873
10874
10875
10878
10887
10899
10900
10901
10904
10907
10909
10911
10913
10916
10927
10931
10933
10935
10952
10955
10967
10968
10969
10969
10971
10972
10975
10982
10992
10993
10993
10995
10996
11001
11003
11005
11008
11012
11016
11021
11023
11033
11035
11036
11039
11044
11044
11045
11050
11051
11057
11060
11060
11066
11068
11068
11069
11070
11071
11073
11075
11091
11091
11094
11103
11103
11106
11108
11109
11111
11112
11126
11127
11130
11131
11134
11136
11139
11140
11140
11144
11144
11148
11148
11154
11158
11158
11166
11172
11174
11178
11181
11182
11183
11184
11187
11193
11193
11195
11195
11197
11201
11208
11208
11210
11210
11211
11213
11216
11218
11219
11220
11223
11226
11229
11235
11236
11238
11242
11242
11252
11255
11255
11256
11257
11257
11257
11259
11261
11267
11270
11271
11273
11280
11280
11285
11286
11294
11295
11295
11302
11302
11302
11303
11307
11310
11311
11311
11312
11316
11316
11319
11321
11321
11336
11336
11340
11343
11343
11346
11348
11356
11358
11360
11361
11365
11368
11371
11380
11381
11382
11391
11392
11395
11397
11400
11400
11406
11407
11410
11412
11413
11413
11419
11421
11431
11435
11441
11444
11444
11444
11447
11451
11452
11453
11455
11456
11457
11464
11467
11468
11469
11471
11471
11474
11482
11486
11487
11492
11493
11494
11496
11496
11497
11497
11503
11506
11508
11511
11512
11513
11517
11521
11522
11522
11522
11526
11529
11547
11547
11549
11554
11555
11557
11560
11561
11561
11566
11567
11575
11576
11576
11580
11602
11610
11616
11620
11620
11623
11629
11631
11635
11637
11638
11640
11641
11650
11653
11658
11661
11663
11665
11670
11674
11677
11678
11679
11679
11680
11680
11682
11683
11684
11688
11694
11698
11699
11705
11707
11708
11711
11715
11716
11720
11721
11725
11731
11741
11752
11755
11756
11757
11758
11760
11760
11762
11771
11771
11774
11779
11780
11784
11788
11790
11791
11792
11794
11805
11812
11814
11818
11820
11824
11836
11842
11846
11853
11854
11856
11858
11860
11861
11864
11867
11872
11875
11875
11880
11882
11886
11888
11890
11895
11897
11899
11900
11904
11905
11913
11915
11920
11920
11925
11926
11926
11926
11926
11927
11928
11930
11933
11934
11942
11945
11948
11949
11950
11951
11959
11962
11963
11966
11968
11969
11977
11982
11983
11983
11986
11989
11992
11995
11995
11997
12001
12002
12004
12008
12012
12013
12025
12026
12028
12030
12032
12035
12036
12039
12039
12040
12041
12042
12042
12053
12058
12065
12072
12072
12073
12074
12080
12082
12084
12086
12087
12088
12088
12089
12090
12093
12095
12097
12107
12112
12112
12117
12118
12122
12122
12125
12126
12129
12129
12131
12133
12134
12134
12137
12138
12144
12150
12153
12156
12157
12163
12167
12168
12172
12177
12185
12185
12191
12192
12194
12196
12196
12197
12207
12207
12207
12210
12222
12222
12225
12226
12230
12237
12237
12238
12240
12243
12244
12245
12246
12248
12249
12250
12260
12276
12288
12298
12299
12300
12302
12305
12306
12306
12307
12309
12310
12311
12322
12331
12333
12334
12334
12335
12336
12339
12342
12345
12346
12349
12350
12359
12361
12365
12367
12368
12378
12384
12390
12393
12399
12402
12407
12409
12411
12418
12420
12420
12420
12425
12427
12427
12428
12430
12435
12439
12441
12442
12446
12448
12454
12457
12457
12473
12475
12481
12484
12490
12499
12504
12506
12507
12511
12514
12514
12528
12528
12531
12540
12546
12552
12562
12562
12567
12568
12568
12573
12574
12580
12581
12584
12584
12588
12590
12592
12605
12608
12610
12610
12611
12611
12613
12613
12631
12637
12640
12641
12650
12651
12655
12659
12660
12661
12662
12665
12665
12675
12678
12682
12683
12687
12687
12690
12699
12700
12702
12706
12713
12719
12726
12729
12733
12734
12735
12739
12742
12749
12751
12752
12752
12757
12762
12772
12773
12779
12780
12782
12786
12788
12789
12789
12790
12793
12797
12798
12799
12801
12803
12803
12804
12804
12811
12813
12818
12827
12828
12838
12843
12857
12857
12862
12871
12875
12876
12878
12881
12883
12889
12892
12895
12900
12908
12909
12909
12909
12911
12916
12920
12926
12926
12932
12932
12932
12936
12938
12943
12943
12944
12959
12962
12964
12972
12972
12974
12977
12979
12979
12984
12988
12994
12998
13003
13006
13007
13009
13015
13017
13018
13020
13032
13033
13036
13041
13043
13045
13049
13051
13055
13058
13077
13080
13082
13088
13092
13094
13097
13100
13103
13103
13105
13108
13118
13124
13126
13128
13130
13132
13138
13138
13143
13148
13153
13155
13156
13157
13161
13162
13163
13164
13164
13168
13169
13175
13182
13185
13192
13194
13195
13201
13202
13203
13209
13212
13213
13244
13262
13269
13275
13279
13280
13283
13292
13295
13296
13297
13301
13303
13303
13305
13306
13306
13308
13317
13321
13322
13322
13331
13332
13334
13337
13337
13337
13338
13339
13354
13360
13362
13364
13364
13366
13367
13370
13380
13380
13382
13390
13392
13402
13406
13406
13412
13414
13422
13424
13425
13428
13431
13433
13436
13437
13443
13449
13449
13453
13459
13460
13463
13463
13465
13470
13474
13476
13478
13479
13482
13483
13485
13486
13495
13499
13506
13512
13518
13518
13520
13523
13524
13525
13527
13527
13535
13535
13540
13540
13541
13545
13547
13552
13552
13552
13553
13557
13561
13564
13568
13570
13570
13577
13578
13580
13583
13585
13589
13592
13592
13594
13604
13609
13615
13619
13629
13632
13635
13638
13642
13644
13651
13654
13659
13659
13664
13682
13685
13689
13691
13697
13700
13702
13705
13710
13711
13715
13715
13716
13719
13724
13727
13731
13732
13733
13737
13741
13744
13746
13752
13752
13767
13771
13772
13774
13775
13776
13777
13779
13785
13785
13786
13788
13789
13795
13795
13796
13796
13798
13801
13813
13816
13816
13816
13818
13820
13822
13824
13826
13827
13828
13831
13833
13837
13841
13845
13845
13851
13858
13862
13865
13866
13870
13873
13875
13878
13879
13885
13887
13887
13898
13905
13906
13910
13915
13916
13917
13918
13919
13923
13923
13926
13931
13939
13940
13945
13946
13947
13948
13948
13953
13955
13956
13960
13960
13961
13963
13966
13967
13967
13968
13971
13981
13987
13988
13991
13999
13999
14005
14005
14008
14011
14015
14016
14018
14024
14026
14027
14032
14034
14034
14036
14039
14043
14050
14056
14062
14062
14064
14081
14082
14085
14089
14091
14092
14092
14096
14102
14110
14114
14117
14121
14123
14127
14134
14137
14142
14144
14152
14153
14156
14160
14162
14162
14163
14164
14170
14175
14181
14185
14190
14193
14194
14194
14195
14197
14197
14199
14199
14204
14205
14211
14216
14218
14219
14220
14224
14224
14226
14233
14236
14238
14245
14250
14255
14259
14262
14266
14266
14268
14273
14278
14278
14282
14285
14287
14289
14291
14293
14293
14294
14297
14307
14312
14313
14319
14323
14323
14326
14327
14327
14331
14335
14336
14338
14341
14346
14348
14349
14351
14353
14354
14354
14357
14362
14362
14367
14371
14376
14376
14377
14385
14385
14388
14396
14397
14399
14406
14407
14409
14410
14416
14423
14427
14431
14432
14440
14444
14445
14450
14451
14453
14454
14470
14478
14479
14480
14481
14482
14487
14496
14496
14497
14512
14514
14516
14520
14526
14527
14531
14534
14535
14536
14537
14538
14539
14542
14547
14548
14550
14556
14557
14557
14561
14563
14564
14567
14569
14572
14577
14583
14584
14591
14592
14595
14598
14601
14602
14607
14608
14608
14616
14623
14626
14627
14632
14635
14636
14640
14645
14647
14651
14652
14654
14654
14658
14663
14663
14665
14666
14669
14674
14674
14675
14676
14681
14683
14688
14691
14691
14698
14699
14706
14706
14708
14709
14710
14715
14717
14718
14719
14721
14728
14732
14742
14743
14746
14757
14758
14761
14762
14765
14767
14768
14774
14775
14775
14775
14777
14781
14781
14786
14796
14798
14800
14804
14805
14808
14813
14814
14814
14815
14817
14819
14830
14833
14841
14843
14844
14848
14851
14853
14855
14861
14863
14865
14867
14868
14869
14870
14877
14878
14881
14882
14885
14890
14892
14896
14900
14901
14903
14904
14908
14908
14914
14917
14917
14923
14929
14931
14932
14934
14939
14942
14942
14944
14946
14957
14960
14966
14972
14974
14978
14987
14988
14996
14998
15001
15009
15012
15015
15016
15019
15023
15026
15037
15038
15042
15045
15050
15051
15060
15061
15062
15063
15064
15070
15072
15072
15074
15075
15085
15088
15089
15094
15094
15099
15101
15102
15104
15110
15112
15123
15130
15132
15134
15135
15140
15145
15158
15161
15170
15175
15186
15188
15188
15188
15194
15195
15199
15213
15215
15225
15226
15227
15234
15235
15235
15239
15241
15245
15252
15254
15259
15263
15264
15264
15265
15266
15268
15273
15277
15280
15282
15289
15289
15291
15292
15298
15315
15322
15323
15324
15328
15328
15343
15352
15353
15355
15356
15359
15360
15363
15366
15368
15369
15375
15377
15381
15388
15394
15401
15405
15406
15409
15413
15414
15415
15419
15419
15420
15423
15425
15432
15432
15433
15434
15436
15442
15443
15444
15449
15452
15453
15457
15458
15459
15461
15462
15467
15469
15472
15474
15475
15481
15488
15488
15489
15493
15494
15494
15496
15497
15501
15502
15502
15503
15511
15521
15526
15527
15534
15535
15537
15537
15544
15558
15563
15568
15569
15569
15575
15577
15582
15582
15584
15586
15590
15591
15592
15595
15595
15597
15597
15599
15604
15609
15609
15612
15612
15620
15623
15624
15628
15629
15631
15633
15638
15640
15646
15651
15657
15658
15664
15668
15679
15679
15683
15684
15703
15713
15714
15716
15718
15718
15731
15733
15736
15739
15745
15754
15763
15765
15765
15766
15769
15770
15774
15775
15778
15779
15779
15782
15783
15790
15792
15798
15798
15800
15803
15812
15814
15815
15815
15816
15821
15828
15829
15829
15830
15833
15836
15839
15841
15842
15845
15845
15847
15849
15849
15850
15855
15857
15862
15863
15864
15868
15868
15869
15871
15874
15877
15882
15883
15885
15888
15888
15893
15894
15894
15899
15905
15911
15911
15914
15916
15918
15920
15923
15924
15927
15930
15933
15937
15945
15948
15961
15969
15970
15973
15974
15975
15976
15976
15976
15979
15988
15996
16009
16009
16011
16014
16018
16019
16023
16026
16030
16034
16034
16035
16040
16041
16042
16043
16044
16050
16050
16062
16063
16063
16076
16077
16083
16085
16093
16094
16095
16097
16101
16110
16117
16119
16122
16128
16128
16133
16138
16142
16145
16151
16155
16157
16157
16161
16161
16170
16171
16174
16178
16181
16183
16184
16187
16189
16190
16192
16194
16199
16207
16208
16212
16214
16216
16216
16217
16217
16219
16232
16236
16240
16242
16244
16247
16249
16257
16265
16265
16272
16274
16276
16280
16281
16287
16297
16298
16304
16305
16306
16308
16308
16315
16321
16322
16325
16327
16327
16335
16347
16355
16355
16356
16362
16363
16368
16370
16373
16374
16377
16378
16380
16389
16390
16390
16390
16397
16403
16405
16406
16414
16414
16416
16416
16421
16422
16422
16422
16425
16436
16439
16441
16444
16448
16451
16455
16459
16469
16474
16480
16482
16492
16494
16497
16502
16504
16509
16513
16516
16516
16520
16526
16532
16533
16533
16534
16536
16536
16537
16540
16546
16548
16551
16551
16555
16556
16557
16558
16560
16560
16562
16565
16567
16583
16584
16587
16589
16590
16592
16594
16595
16596
16597
16600
16602
16603
16604
16610
16610
16612
16612
16615
16618
16621
16621
16624
16636
16636
16636
16637
16640
16641
16642
16642
16643
16654
16655
16658
16662
16668
16669
16671
16675
16682
16696
16700
16706
16709
16709
16714
16715
16718
16720
16734
16742
16746
16750
16755
16757
16760
16775
16775
16785
16787
16790
16793
16803
16806
16813
16815
16815
16816
16821
16823
16826
16830
16834
16835
16843
16847
16847
16854
16859
16867
16875
16882
16885
16887
16888
16892
16895
16895
16901
16903
16912
16917
16919
16920
16923
16925
16931
16932
16938
16940
16940
16941
16944
16944
16946
16949
16954
16955
16964
16968
16970
16972
16979
16987
16991
16997
16999
17006
17011
17014
17015
17024
17039
17044
17045
17055
17059
17061
17068
17074
17078
17081
17086
17088
17088
17089
17093
17101
17101
17102
17104
17107
17114
17116
17120
17128
17129
17129
17129
17130
17144
17158
17160
17171
17177
17180
17181
17187
17192
17194
17196
17200
17202
17205
17208
17208
17210
17212
17214
17217
17223
17225
17226
17227
17228
17230
17237
17244
17246
17249
17252
17265
17271
17272
17272
17275
17283
17284
17285
17290
17297
17310
17310
17311
17314
17315
17316
17317
17317
17318
17321
17323
17325
17335
17336
17338
17340
17343
17349
17352
17354
17355
17356
17361
17369
17372
17376
17376
17379
17380
17382
17383
17384
17388
17389
17393
17394
17396
17396
17397
17400
17404
17411
17412
17417
17434
17442
17445
17449
17450
17453
17457
17458
17462
17467
17470
17472
17478
17479
17483
17484
17485
17489
17491
17492
17499
17508
17509
17516
17519
17521
17525
17538
17547
17550
17556
17557
17561
17562
17563
17567
17567
17567
17568
17569
17574
17574
17575
17577
17588
17592
17595
17598
17608
17614
17623
17635
17636
17639
17639
17640
17642
17644
17653
17654
17660
17665
17672
17679
17679
17679
17685
17687
17688
17691
17692
17692
17695
17701
17705
17710
17710
17713
17718
17720
17730
17731
17733
17738
17742
17743
17748
17750
17750
17752
17755
17762
17762
17764
17766
17773
17774
17777
17782
17784
17792
17795
17796
17805
17812
17814
17815
17815
17821
17824
17824
17825
17825
17826
17828
17830
17831
17832
17833
17840
17841
17852
17855
17857
17859
17862
17868
17876
17877
17880
17882
17883
17892
17914
17916
17916
17928
17936
17937
17940
17945
17946
17949
17950
17956
17960
17965
17965
17969
17980
17983
17986
17987
17992
17994
17995
18001
18003
18008
18019
18021
18023
18026
18031
18033
18037
18040
18047
18049
18051
18054
18055
18057
18058
18059
18060
18064
18067
18067
18069
18072
18076
18077
18079
18079
18083
18087
18088
18088
18089
18091
18091
18092
18093
18094
18096
18099
18103
18103
18106
18107
18109
18109
18111
18111
18118
18123
18124
18125
18131
18137
18138
18153
18155
18160
18165
18165
18171
18171
18171
18182
18183
18183
18184
18186
18187
18188
18188
18190
18192
18203
18205
18207
18208
18212
18215
18215
18216
18226
18228
18237
18237
18237
18239
18240
18242
18249
18255
18258
18259
18261
18263
18266
18267
18267
18272
18275
18289
18294
18296
18296
18297
18300
18302
18304
18304
18309
18309
18310
18315
18321
18321
18322
18323
18327
18329
18330
18330
18331
18333
18340
18346
18350
18364
18373
18374
18381
18383
18387
18390
18392
18395
18398
18399
18401
18406
18408
18414
18426
18427
18430
18431
18436
18436
18436
18437
18448
18452
18453
18453
18457
18460
18462
18465
18469
18475
18481
18487
18495
18495
18495
18500
18505
18513
18513
18522
18529
18530
18533
18536
18544
18544
18546
18552
18552
18554
18554
18555
18556
18560
18566
18568
18574
18576
18580
18581
18584
18588
18589
18593
18594
18600
18604
18611
18612
18615
18618
18625
18629
18640
18641
18643
18648
18649
18653
18657
18657
18669
18670
18673
18685
18691
18695
18695
18699
18699
18702
18708
18714
18716
18716
18719
18725
18729
18733
18735
18738
18742
18744
18748
18749
18750
18752
18753
18764
18766
18774
18779
18779
18782
18785
18790
18791
18794
18794
18798
18806
18810
18815
18815
18816
18823
18827
18830
18833
18837
18840
18847
18848
18851
18851
18851
18854
18855
18870
18871
18871
18878
18882
18885
18886
18886
18897
18901
18905
18908
18909
18914
18915
18915
18916
18917
18917
18917
18921
18923
18928
18932
18937
18938
18940
18942
18943
18944
18951
18957
18966
18969
18970
18970
18971
18973
18976
18977
18978
18981
18985
18992
18999
19000
19001
19003
19008
19017
19023
19026
19027
19032
19035
19038
19042
19046
19046
19051
19052
19054
19058
19061
19063
19065
19067
19071
19077
19078
19088
19088
19089
19097
19103
19105
19107
19111
19117
19117
19124
19125
19129
19131
19132
19138
19147
19150
19163
19166
19169
19170
19170
19173
19174
19186
19195
19207
19209
19212
19217
19229
19230
19236
19241
19241
19248
19249
19249
19250
19250
19252
19263
19264
19267
19270
19273
19276
19279
19289
19289
19294
19295
19295
19298
19298
19299
19302
19303
19311
19313
19314
19315
19317
19323
19329
19330
19331
19332
19336
19337
19339
19342
19345
19348
19353
19358
19364
19374
19376
19378
19379
19386
19388
19391
19392
19395
19395
19395
19400
19402
19402
19403
19407
19413
19426
19428
19429
19434
19434
19435
19436
19438
19443
19444
19446
19453
19457
19458
19459
19460
19460
19461
19461
19462
19466
19468
19470
19470
19474
19478
19480
19488
19489
19492
19493
19502
19502
19510
19510
19515
19517
19525
19525
19527
19527
19532
19539
19541
19542
19545
19547
19553
19555
19555
19556
19557
19560
19562
19564
19564
19564
19564
19569
19571
19572
19572
19593
19597
19607
19609
19609
19609
19613
19614
19625
19637
19638
19639
19642
19642
19644
19645
19647
19648
19650
19654
19658
19659
19661
19663
19664
19664
19668
19670
19671
19674
19677
19680
19680
19682
19687
19688
19694
19702
19704
19704
19705
19705
19706
19706
19715
19718
19718
19722
19726
19726
19732
19732
19741
19741
19743
19743
19752
19755
19756
19765
19769
19776
19785
19794
19794
19800
19802
19803
19808
19811
19811
19815
19821
19822
19833
19837
19840
19844
19850
19851
19851
19853
19858
19859
19864
19864
19869
19875
19876
19877
19877
19881
19882
19883
19883
19886
19893
19897
19900
19905
19905
19907
19910
19918
19919
19922
19928
19935
19937
19938
19940
19941
19952
19962
19965
19971
19972
19982
19983
19984
20001
20004
20008
20011
20012
20015
20018
20022
20028
20028
20030
20031
20033
20033
20035
20036
20037
20039
20042
20044
20049
20056
20069
20074
20075
20085
20088
20088
20090
20094
20097
20100
20101
20104
20109
20112
20116
20122
20132
20135
20137
20139
20140
20150
20152
20154
20156
20159
20164
20165
20165
20166
20171
20181
20186
20192
20196
20198
20208
20219
20219
20222
20226
20229
20234
20239
20240
20247
20247
20248
20249
20249
20250
20253
20258
20260
20261
20268
20271
20276
20277
20283
20285
20286
20287
20290
20296
20306
20309
20309
20310
20312
20317
20317
20326
20327
20330
20331
20333
20333
20335
20335
20337
20340
20343
20351
20351
20352
20361
20366
20370
20378
20378
20379
20383
20383
20384
20387
20388
20389
20393
20396
20397
20399
20401
20404
20406
20409
20409
20412
20413
20414
20422
20422
20429
20430
20430
20431
20439
20440
20440
20442
20449
20449
20450
20451
20454
20457
20461
20464
20468
20471
20471
20476
20483
20483
20486
20490
20491
20496
20501
20502
20508
20516
20521
20522
20522
20525
20525
20525
20527
20530
20533
20535
20539
20542
20549
20550
20554
20555
20559
20561
20565
20568
20571
20572
20575
20580
20583
20585
20585
20589
20596
20596
20605
20606
20608
20615
20617
20620
20622
20625
20632
20633
20636
20640
20642
20644
20645
20646
20647
20653
20656
20658
20658
20659
20660
20661
20666
20669
20680
20681
20681
20683
20684
20686
20687
20689
20693
20694
20716
20719
20719
20726
20729
20737
20738
20738
20745
20746
20749
20760
20765
20767
20772
20774
20779
20780
20780
20781
20783
20784
20786
20789
20791
20819
20826
20828
20828
20831
20833
20840
20843
20843
20844
20845
20846
20847
20848
20849
20849
20861
20868
20869
20869
20871
20873
20875
20875
20879
20886
20886
20894
20898
20902
20908
20908
20910
20910
20917
20918
20921
20925
20929
20941
20951
20955
20961
20963
20963
20965
20966
20973
20974
20975
20984
20989
20990
20992
20995
20996
20997
20998
20998
21003
21004
21006
21010
21014
21022
21027
21028
21034
21038
21038
21041
21047
21047
21053
21054
21054
21062
21064
21070
21074
21074
21079
21083
21090
21092
21093
21094
21097
21105
21106
21109
21110
21114
21116
21116
21118
21132
21133
21139
21145
21146
21148
21159
21159
21168
21168
21170
21173
21179
21179
21179
21181
21186
21188
21195
21196
21200
21208
21210
21211
21211
21212
21216
21218
21219
21234
21238
21245
21249
21252
21257
21258
21259
21259
21259
21261
21262
21266
21275
21275
21278
21278
21283
21289
21289
21290
21290
21294
21294
21298
21299
21299
21305
21310
21317
21318
21318
21321
21322
21324
21325
21330
21332
21333
21334
21336
21341
21346
21348
21351
21353
21353
21354
21357
21359
21360
21361
21361
21370
21373
21373
21380
21383
21387
21389
21391
21391
21392
21405
21406
21414
21416
21416
21417
21417
21423
21427
21428
21429
21432
21432
21436
21441
21441
21443
21443
21444
21445
21451
21452
21452
21455
21455
21463
21464
21467
21468
21469
21471
21472
21481
21485
21491
21495
21500
21500
21501
21502
21502
21502
21503
21511
21517
21519
21521
21522
21523
21524
21524
21528
21535
21541
21541
21550
21553
21557
21559
21561
21561
21564
21569
21569
21570
21570
21574
21577
21585
21586
21593
21594
21601
21604
21607
21612
21624
21626
21628
21631
21631
21636
21640
21651
21652
21659
21659
21661
21665
21665
21670
21672
21678
21678
21679
21686
21694
21711
21713
21718
21721
21723
21727
21729
21730
21734
21744
21757
21758
21761
21761
21766
21768
21771
21773
21774
21783
21784
21787
21787
21791
21792
21794
21795
21799
21801
21803
21804
21809
21812
21813
21815
21817
21822
21822
21822
21826
21828
21829
21830
21839
21848
21850
21859
21860
21863
21864
21866
21873
21873
21874
21879
21882
21888
21892
21901
21902
21904
21906
21906
21909
21914
21914
21917
21917
21917
21919
21921
21923
21924
21925
21929
21931
21938
21947
21948
21948
21956
21964
21969
21977
21978
21982
21986
21986
21987
21993
21995
21997
22001
22005
22006
22014
22019
22022
22025
22028
22030
22034
22035
22036
22038
22046
22049
22050
22054
22055
22064
22065
22072
22072
22077
22077
22079
22082
22082
22085
22088
22092
22093
22098
22098
22100
22101
22111
22117
22118
22119
22119
22119
22124
22125
22126
22130
22132
22134
22135
22136
22137
22138
22141
22143
22143
22144
22145
22145
22146
22149
22150
22153
22154
22155
22156
22157
22157
22158
22160
22160
22165
22166
22168
22169
22169
22171
22177
22180
22202
22205
22210
22211
22212
22217
22218
22219
22220
22223
22224
22224
22228
22229
22232
22234
22236
22237
22242
22243
22253
22268
22271
22275
22277
22279
22290
22296
22297
22303
22306
22313
22325
22325
22326
22327
22334
22336
22340
22346
22353
22354
22357
22367
22369
22371
22372
22373
22373
22374
22375
22378
22387
22399
22399
22411
22412
22416
22418
22419
22425
22432
22435
22436
22437
22443
22451
22454
22459
22464
22491
22495
22496
22499
22500
22504
22508
22516
22532
22534
22542
22548
22550
22552
22562
22570
22572
22577
22582
22585
22585
22591
22592
22594
22595
22595
22595
22602
22603
22606
22606
22607
22608
22609
22610
22613
22613
22616
22617
22617
22617
22617
22622
22626
22631
22633
22635
22642
22642
22647
22649
22650
22650
22651
22660
22674
22675
22676
22677
22680
22681
22683
22684
22686
22687
22700
22702
22703
22705
22705
22714
22723
22726
22733
22735
22735
22737
22746
22747
22755
22757
22760
22763
22763
22769
22773
22777
22777
22778
22779
22783
22787
22788
22794
22795
22796
22798
22800
22801
22802
22807
22808
22809
22813
22815
22822
22826
22826
22828
22833
22837
22839
22840
22842
22845
22856
22859
22863
22872
22876
22877
22881
22882
22885
22892
22894
22900
22906
22919
22925
22925
22927
22929
22931
22940
22949
22950
22950
22954
22954
22955
22961
22961
22961
22963
22964
22969
22971
22972
22974
22975
22983
22988
22988
22989
22990
22991
22993
22998
22998
23005
23006
23009
23013
23013
23014
23014
23019
23019
23021
23023
23025
23034
23038
23038
23042
23042
23042
23044
23045
23047
23051
23059
23062
23064
23066
23068
23070
23072
23079
23081
23087
23094
23104
23110
23117
23119
23121
23126
23126
23137
23148
23149
23158
23158
23159
23160
23166
23168
23184
23192
23196
23197
23198
23204
23208
23211
23214
23216
23233
23233
23233
23238
23239
23240
23240
23247
23248
23249
23249
23251
23253
23255
23257
23258
23258
23260
23260
23265
23268
23277
23278
23282
23283
23285
23286
23288
23294
23298
23298
23303
23308
23309
23309
23319
23319
23320
23320
23321
23321
23324
23325
23326
23330
23330
23333
23337
23342
23345
23350
23356
23362
23366
23367
23367
23371
23381
23383
23392
23392
23396
23400
23400
23400
23412
23414
23427
23427
23428
23429
23431
23436
23444
23446
23451
23453
23457
23458
23458
23461
23464
23464
23464
23467
23467
23469
23473
23474
23475
23482
23486
23487
23488
23490
23495
23495
23495
23495
23496
23497
23499
23513
23514
23514
23517
23518
23525
23526
23532
23534
23542
23549
23553
23555
23556
23556
23559
23564
23565
23566
23572
23579
23581
23585
23589
23592
23593
23595
23599
23600
23600
23604
23610
23614
23618
23618
23626
23627
23627
23627
23636
23639
23640
23647
23647
23651
23655
23673
23674
23674
23676
23678
23680
23687
23688
23690
23690
23695
23696
23699
23700
23702
23702
23710
23710
23714
23716
23716
23719
23725
23726
23727
23733
23735
23747
23747
23747
23751
23751
23754
23760
23761
23769
23770
23775
23777
23783
23786
23787
23791
23799
23825
23825
23838
23838
23845
23851
23852
23864
23867
23869
23869
23870
23876
23876
23880
23883
23885
23885
23889
23889
23894
23902
23903
23908
23912
23912
23916
23917
23919
23920
23923
23927
23941
23941
23943
23949
23952
23954
23957
23957
23964
23969
23978
23982
23982
23982
23985
23985
23987
23988
23989
23991
23991
23993
23996
23998
24000
24001
24004
24004
24004
24013
24014
24016
24022
24024
24032
24036
24037
24038
24039
24043
24044
24046
24047
24049
24049
24057
24062
24064
24065
24068
24069
24070
24073
24076
24077
24078
24081
24086
24090
24090
24095
24097
24097
24103
24105
24106
24107
24108
24113
24118
24119
24123
24127
24128
24141
24142
24144
24145
24149
24152
24159
24162
24165
24173
24174
24175
24179
24179
24181
24181
24184
24184
24189
24189
24189
24192
24198
24200
24202
24202
24203
24208
24209
24213
24214
24218
24220
24221
24223
24228
24228
24232
24235
24239
24239
24254
24254
24258
24266
24276
24279
24281
24282
24283
24286
24289
24296
24300
24301
24302
24306
24312
24314
24314
24315
24321
24321
24325
24329
24333
24335
24345
24349
24349
24353
24358
24361
24370
24372
24376
24379
24381
24382
24392
24392
24393
24393
24399
24410
24416
24418
24420
24423
24423
24425
24426
24428
24431
24434
24435
24437
24438
24439
24439
24441
24441
24442
24445
24446
24448
24450
24454
24470
24471
24472
24473
24475
24484
24487
24491
24493
24494
24495
24497
24502
24502
24503
24507
24509
24511
24512
24516
24520
24529
24531
24533
24533
24541
24542
24548
24548
24561
24570
24575
24575
24579
24580
24583
24586
24591
24592
24593
24598
24599
24602
24606
24608
24609
24613
24614
24616
24619
24623
24625
24627
24627
24642
24642
24655
24656
24659
24665
24671
24678
24687
24696
24698
24705
24709
24711
24711
24713
24713
24717
24718
24720
24720
24720
24723
24724
24725
24729
24733
24736
24738
24742
24744
24749
24765
24770
24771
24775
24777
24780
24782
24782
24784
24790
24793
24796
24797
24806
24806
24808
24812
24815
24826
24829
24830
24833
24834
24837
24839
24849
24850
24854
24855
24858
24867
24872
24872
24873
24878
24880
24881
24884
24891
24891
24892
24895
24896
24898
24904
24920
24922
24922
24923
24930
24944
24945
24949
24954
24956
24960
24969
24973
24974
24980
24980
24989
24991
24993
25001
25007
25008
25009
25013
25017
25018
25019
25028
25029
25034
25042
25042
25051
25055
25060
25060
25065
25075
25077
25081
25096
25096
25099
25102
25102
25105
25108
25115
25116
25122
25124
25131
25131
25134
25134
25136
25140
25142
25143
25144
25147
25152
25162
25164
25164
25165
25172
25179
25182
25187
25188
25191
25202
25204
25205
25208
25210
25211
25214
25224
25226
25228
25228
25233
25239
25243
25244
25246
25247
25248
25248
25260
25264
25273
25278
25280
25281
25283
25283
25283
25284
25287
25289
25292
25294
25296
25296
25298
25301
25303
25304
25304
25313
25314
25325
25329
25333
25334
25334
25341
25342
25354
25355
25357
25360
25361
25373
25373
25381
25392
25393
25395
25397
25397
25397
25398
25399
25411
25413
25415
25415
25416
25418
25424
25425
25426
25427
25434
25437
25438
25441
25446
25453
25455
25462
25463
25466
25471
25474
25475
25476
25476
25479
25479
25488
25495
25497
25500
25501
25502
25510
25516
25517
25517
25518
25524
25524
25529
25535
25535
25536
25539
25539
25544
25548
25551
25559
25560
25567
25568
25570
25570
25573
25573
25579
25585
25586
25589
25594
25599
25602
25603
25605
25613
25616
25622
25624
25636
25642
25645
25647
25649
25651
25654
25662
25664
25666
25670
25672
25672
25684
25686
25692
25692
25693
25704
25704
25713
25717
25722
25733
25736
25737
25738
25745
25750
25753
25756
25759
25761
25762
25762
25763
25770
25770
25775
25777
25779
25786
25787
25787
25791
25791
25793
25794
25796
25801
25806
25814
25820
25826
25826
25827
25831
25836
25840
25842
25844
25855
25855
25858
25859
25860
25866
25870
25875
25878
25879
25883
25888
25897
25904
25907
25910
25916
25921
25925
25927
25932
25935
25942
25948
25955
25956
25961
25961
25969
25973
25973
25974
25976
25976
25979
25980
25982
25992
26004
26011
26012
26023
26034
26038
26041
26043
26048
26049
26052
26052
26053
26059
26062
26072
26077
26080
26082
26088
26092
26094
26095
26100
26103
26104
26106
26111
26116
26117
26117
26120
26124
26134
26136
26139
26151
26151
26153
26153
26161
26164
26166
26168
26170
26171
26179
26182
26193
26194
26196
26196
26196
26201
26204
26209
26230
26234
26237
26237
26240
26241
26242
26242
26243
26251
26252
26252
26254
26256
26260
26263
26267
26268
26268
26268
26269
26271
26273
26273
26274
26277
26279
26281
26286
26292
26292
26295
26296
26313
26322
26325
26329
26332
26337
26339
26340
26361
26362
26363
26368
26371
26373
26376
26377
26378
26384
26394
26394
26400
26418
26421
26425
26433
26434
26435
26444
26450
26452
26452
26460
26463
26465
26466
26472
26472
26478
26479
26486
26491
26493
26494
26499
26502
26504
26517
26518
26518
26521
26526
26528
26529
26535
26545
26548
26548
26552
26563
26569
26578
26579
26582
26583
26585
26586
26591
26594
26595
26597
26597
26604
26607
26608
26609
26609
26610
26615
26617
26618
26618
26619
26619
26622
26626
26626
26629
26629
26632
26636
26643
26651
26660
26663
26664
26665
26665
26683
26686
26686
26690
26693
26694
26699
26703
26704
26707
26709
26717
26738
26742
26744
26752
26753
26758
26761
26765
26776
26777
26778
26778
26781
26785
26793
26795
26798
26801
26806
26810
26810
26811
26814
26818
26820
26824
26829
26832
26836
26838
26842
26857
26862
26863
26865
26869
26871
26873
26878
26879
26879
26885
26887
26888
26888
26890
26891
26894
26898
26899
26901
26904
26906
26907
26909
26914
26915
26922
26923
26924
26924
26925
26940
26947
26948
26954
26956
26958
26960
26962
26969
26969
26977
26980
26986
26992
26994
26996
27002
27005
27009
27009
27018
27022
27023
27023
27023
27027
27029
27030
27031
27032
27034
27036
27038
27048
27049
27050
27050
27053
27055
27059
27069
27073
27073
27079
27079
27079
27080
27089
27089
27091
27092
27092
27098
27111
27118
27119
27119
27122
27126
27127
27130
27131
27132
27134
27137
27139
27140
27140
27145
27146
27147
27150
27151
27155
27156
27157
27158
27164
27167
27168
27169
27173
27174
27177
27177
27178
27179
27185
27186
27197
27198
27198
27198
27200
27207
27210
27211
27211
27213
27225
27227
27228
27239
27241
27247
27259
27263
27268
27276
27278
27285
27294
27301
27306
27306
27310
27314
27314
27315
27318
27321
27324
27325
27328
27335
27336
27340
27340
27343
27343
27344
27350
27351
27354
27356
27366
27370
27371
27376
27377
27381
27384
27389
27390
27392
27395
27399
27400
27408
27409
27411
27412
27415
27415
27415
27417
27418
27424
27437
27439
27440
27445
27450
27454
27456
27463
27465
27465
27469
27470
27474
27474
27478
27491
27495
27499
27499
27502
27507
27508
27509
27510
27511
27512
27513
27516
27516
27517
27518
27519
27520
27529
27530
27530
27535
27539
27540
27545
27548
27552
27552
27553
27556
27574
27582
27584
27586
27590
27596
27598
27602
27602
27604
27605
27607
27614
27615
27622
27624
27625
27629
27631
27632
27633
27636
27638
27643
27645
27647
27648
27650
27654
27659
27661
27663
27664
27665
27670
27670
27671
27674
27679
27679
27682
27684
27692
27696
27699
27700
27707
27708
27714
27722
27723
27723
27728
27733
27733
27740
27741
27744
27747
27749
27749
27752
27752
27752
27755
27760
27766
27769
27776
27783
27784
27788
27788
27793
27796
27797
27801
27806
27809
27809
27811
27813
27813
27814
27815
27827
27828
27834
27838
27840
27842
27846
27852
27854
27855
27863
27871
27878
27878
27880
27886
27892
27895
27897
27902
27904
27905
27913
27915
27917
27917
27919
27921
27929
27937
27937
27938
27943
27950
27956
27963
27964
27970
27974
27974
27976
27988
27988
27992
27996
27996
28003
28009
28009
28015
28017
28019
28025
28030
28037
28043
28049
28049
28053
28056
28062
28066
28068
28068
28081
28082
28085
28088
28097
28098
28105
28106
28107
28110
28117
28117
28117
28117
28119
28120
28120
28123
28126
28130
28146
28148
28149
28155
28157
28160
28162
28163
28163
28167
28170
28178
28183
28187
28189
28191
28193
28201
28201
28201
28207
28211
28211
28215
28218
28225
28226
28227
28229
28234
28235
28240
28249
28251
28256
28262
28265
28269
28278
28285
28289
28290
28291
28293
28297
28299
28301
28304
28304
28308
28310
28313
28314
28318
28322
28323
28324
28324
28331
28333
28334
28335
28335
28338
28340
28341
28345
28347
28354
28359
28362
28367
28367
28373
28376
28395
28397
28398
28404
28407
28412
28413
28417
28417
28421
28425
28432
28434
28437
28438
28442
28455
28461
28461
28465
28466
28472
28472
28474
28480
28482
28484
28485
28488
28494
28495
28497
28502
28503
28509
28509
28510
28520
28525
28529
28531
28536
28537
28545
28550
28550
28557
28560
28562
28563
28566
28571
28576
28576
28577
28581
28587
28591
28592
28593
28597
28597
28597
28601
28605
28605
28609
28609
28610
28611
28613
28617
28618
28618
28620
28621
28622
28633
28635
28638
28640
28653
28657
28658
28659
28659
28662
28667
28670
28672
28677
28678
28680
28680
28683
28686
28686
28687
28687
28697
28700
28702
28702
28703
28712
28717
28719
28726
28728
28730
28734
28736
28745
28751
28754
28754
28756
28759
28763
28775
28783
28786
28788
28789
28791
28801
28803
28804
28805
28807
28807
28809
28809
28817
28822
28831
28831
28833
28838
28840
28842
28844
28851
28854
28860
28863
28865
28866
28867
28869
28874
28876
28876
28877
28884
28890
28893
28894
28895
28899
28902
28907
28907
28908
28909
28914
28918
28920
28935
28938
28940
28942
28943
28946
28947
28955
28961
28967
28971
28975
28977
28979
28979
28986
28986
28988
28990
28991
28995
28995
29002
29003
29004
29006
29006
29009
29010
29010
29011
29011
29013
29014
29016
29020
29023
29024
29026
29033
29038
29044
29046
29047
29048
29050
29052
29055
29058
29059
29065
29073
29074
29075
29078
29080
29082
29085
29086
29103
29104
29105
29107
29116
29116
29133
29134
29140
29148
29149
29149
29152
29154
29157
29161
29161
29161
29184
29187
29190
29194
29198
29199
29199
29205
29205
29206
29207
29212
29214
29225
29228
29228
29229
29230
29233
29234
29237
29243
29244
29255
29263
29267
29268
29268
29268
29270
29270
29270
29273
29274
29276
29283
29284
29286
29293
29304
29305
29306
29306
29309
29314
29314
29314
29317
29317
29319
29319
29321
29329
29329
29332
29347
29349
29350
29351
29351
29353
29359
29363
29366
29368
29370
29373
29374
29375
29379
29381
29384
29388
29390
29398
29401
29407
29413
29414
29423
29424
29424
29424
29426
29433
29436
29437
29440
29440
29441
29441
29444
29445
29448
29448
29450
29451
29451
29458
29464
29464
29479
29483
29486
29488
29488
29491
29497
29497
29501
29503
29506
29508
29510
29512
29514
29514
29516
29520
29521
29524
29525
29528
29529
29541
29541
29546
29547
29549
29553
29553
29554
29559
29560
29560
29562
29565
29570
29574
29582
29586
29587
29589
29590
29592
29592
29593
29593
29595
29599
29600
29600
29605
29607
29611
29616
29618
29619
29620
29622
29624
29652
29652
29660
29661
29665
29665
29668
29671
29675
29688
29702
29703
29708
29709
29711
29712
29713
29714
29719
29720
29721
29721
29723
29723
29726
29728
29733
29737
29743
29745
29746
29747
29750
29751
29756
29756
29761
29761
29762
29769
29777
29778
29782
29782
29783
29784
29784
29796
29798
29799
29803
29804
29808
29809
29814
29816
29820
29827
29828
29830
29830
29833
29835
29835
29836
29839
29842
29843
29843
29847
29848
29849
29856
29864
29865
29865
29868
29874
29879
29890
29895
29899
29902
29905
29908
29910
29912
29913
29915
29915
29916
29917
29927
29934
29934
29935
29937
29944
29945
29949
29949
29949
29954
29957
29964
29965
29966
29968
29969
29971
29971
29973
29977
29977
29981
29982
29983
29987
29989
29997
30001
30005
30005
30007
30015
30019
30020
30022
30025
30026
30028
30028
30036
30041
30043
30043
30045
30051
30056
30064
30072
30083
30085
30088
30091
30091
30093
30094
30099
30107
30112
30117
30118
30121
30125
30125
30130
30131
30131
30132
30139
30140
30147
30158
30159
30159
30167
30173
30174
30180
30182
30185
30196
30202
30215
30217
30217
30218
30221
30225
30227
30232
30234
30235
30236
30240
30242
30242
30244
30245
30250
30253
30254
30257
30259
30260
30261
30265
30274
30276
30277
30278
30282
30283
30288
30289
30291
30295
30299
30299
30309
30313
30322
30323
30328
30331
30334
30337
30341
30342
30344
30350
30352
30355
30356
30362
30363
30363
30364
30367
30391
30393
30394
30395
30396
30400
30404
30408
30408
30409
30411
30417
30423
30425
30429
30435
30442
30448
30450
30452
30459
30460
30463
30469
30470
30474
30484
30485
30491
30491
30492
30499
30503
30510
30520
30522
30523
30523
30526
30527
30536
30539
30540
30542
30542
30546
30546
30547
30547
30548
30560
30561
30563
30564
30565
30569
30574
30591
30591
30591
30595
30598
30598
30600
30610
30618
30618
30627
30627
30632
30633
30634
30635
30636
30638
30647
30652
30655
30656
30656
30660
30663
30665
30667
30674
30676
30683
30684
30685
30689
30692
30693
30697
30702
30706
30708
30710
30712
30730
30731
30737
30742
30742
30742
30744
30746
30753
30754
30757
30765
30766
30773
30775
30778
30784
30793
30800
30813
30817
30824
30824
30824
30835
30844
30846
30853
30855
30856
30858
30862
30865
30884
30885
30888
30889
30894
30894
30901
30901
30915
30916
30918
30922
30922
30924
30929
30931
30932
30938
30946
30951
30952
30955
30956
30957
30957
30963
30967
30969
30971
30972
30990
30995
30996
30997
30998
30998
31000
31002
31007
31013
31013
31013
31015
31020
31020
31022
31022
31035
31041
31042
31042
31042
31044
31045
31047
31049
31052
31053
31055
31058
31059
31060
31064
31066
31067
31069
31070
31070
31074
31076
31077
31078
31078
31081
31084
31084
31085
31086
31087
31091
31091
31092
31093
31097
31110
31114
31116
31116
31120
31120
31126
31126
31129
31129
31132
31139
31144
31144
31146
31150
31155
31162
31164
31164
31165
31166
31173
31177
31179
31184
31189
31190
31190
31195
31197
31202
31203
31205
31210
31219
31220
31222
31228
31232
31234
31236
31238
31239
31242
31244
31251
31262
31263
31264
31266
31267
31270
31270
31273
31278
31279
31280
31284
31287
31290
31295
31296
31298
31299
31300
31311
31311
31317
31317
31320
31322
31324
31325
31330
31331
31335
31336
31338
31338
31342
31345
31355
31360
31363
31370
31370
31372
31375
31375
31382
31385
31395
31399
31403
31404
31406
31407
31418
31421
31423
31425
31433
31439
31439
31448
31458
31467
31486
31490
31491
31491
31501
31502
31507
31508
31510
31513
31518
31522
31532
31556
31561
31572
31576
31580
31591
31596
31607
31613
31626
31629
31631
31633
31639
31640
31643
31644
31646
31653
31654
31656
31660
31662
31668
31670
31673
31675
31676
31678
31678
31686
31696
31700
31705
31706
31711
31713
31720
31721
31725
31725
31730
31734
31740
31741
31747
31762
31763
31772
31773
31775
31775
31776
31776
31778
31785
31797
31800
31801
31802
31804
31811
31812
31813
31816
31818
31822
31825
31827
31829
31833
31847
31847
31855
31856
31859
31860
31871
31873
31875
31880
31881
31882
31885
31885
31885
31886
31888
31889
31891
31894
31906
31907
31915
31917
31919
31921
31933
31934
31936
31937
31938
31941
31942
31942
31945
31948
31949
31949
31951
31956
31958
31958
31959
31961
31964
31965
31965
31966
31967
31969
31970
31971
31979
31983
31988
31989
31994
32015
32015
32016
32025
32025
32026
32028
32033
32034
32035
32044
32046
32048
32051
32053
32059
32062
32067
32069
32074
32078
32082
32084
32086
32089
32094
32100
32104
32104
32106
32110
32110
32114
32116
32117
32119
32121
32124
32124
32124
32128
32129
32130
32134
32135
32144
32147
32148
32158
32172
32177
32186
32186
32187
32189
32193
32209
32216
32217
32218
32218
32226
32228
32228
32233
32237
32240
32243
32245
32247
32251
32252
32252
32255
32256
32256
32260
32264
32264
32273
32281
32282
32285
32298
32299
32301
32314
32316
32318
32319
32319
32321
32322
32322
32322
32329
32329
32341
32341
32351
32351
32352
32358
32359
32363
32367
32367
32372
32379
32383
32384
32394
32399
32408
32412
32421
32427
32445
32446
32449
32459
32459
32464
32466
32469
32477
32479
32486
32488
32491
32496
32501
32502
32506
32506
32507
32507
32508
32510
32516
32519
32525
32529
32536
32538
32539
32540
32541
32545
32546
32549
32550
32550
32557
32563
32563
32566
32571
32578
32578
32579
32584
32588
32591
32595
32603
32603
32609
32609
32610
32614
32616
32618
32619
32623
32624
32627
32631
32631
32635
32645
32650
32653
32658
32659
32661
32666
32670
32673
32673
32674
32678
32682
32685
32689
32689
32692
32703
32705
32706
32710
32710
32711
32712
32714
32721
32727
32731
32733
32736
32739
32745
32750
32752
32753
32753
32759
32767
