32762
32741
32734
32729
32723
32722
32715
32706
32705
32704
32701
32697
32691
32691
32686
32686
32685
32684
32683
32683
32681
32678
32677
32670
32670
32667
32663
32661
32654
32650
32645
32644
32644
32643
32641
32640
32638
32629
32626
32622
32620
32614
32603
32600
32598
32598
32589
32587
32574
32565
32559
32555
32553
32552
32549
32549
32547
32539
32536
32533
32524
32518
32517
32516
32513
32505
32500
32498
32492
32487
32485
32482
32481
32481
32481
32480
32480
32478
32473
32471
32470
32469
32452
32438
32437
32437
32430
32430
32427
32427
32424
32421
32420
32418
32415
32414
32414
32412
32409
32407
32405
32402
32400
32396
32388
32383
32375
32374
32366
32365
32358
32354
32349
32348
32337
32337
32334
32327
32326
32325
32317
32315
32315
32311
32291
32289
32284
32284
32283
32282
32282
32275
32272
32272
32271
32270
32258
32244
32241
32239
32237
32232
32227
32226
32202
32201
32197
32191
32181
32176
32173
32173
32165
32157
32155
32155
32151
32144
32137
32137
32136
32135
32133
32132
32130
32127
32125
32124
32122
32117
32117
32112
32108
32108
32107
32106
32106
32104
32104
32103
32102
32097
32097
32093
32086
32085
32084
32084
32083
32080
32075
32072
32064
32063
32061
32060
32054
32048
32043
32042
32042
32042
32038
32024
32020
32020
32018
32014
32012
32011
32006
32005
31996
31996
31991
31990
31987
31974
31971
31970
31969
31967
31966
31966
31958
31957
31955
31948
31947
31941
31940
31940
31939
31936
31933
31928
31920
31920
31919
31917
31917
31910
31910
31908
31906
31898
31898
31896
31894
31892
31888
31879
31874
31873
31867
31854
31843
31830
31828
31827
31825
31823
31822
31821
31817
31816
31809
31808
31800
31797
31797
31792
31790
31788
31788
31787
31784
31781
31780
31770
31766
31765
31763
31763
31762
31760
31748
31747
31740
31732
31723
31719
31711
31711
31709
31708
31707
31701
31699
31695
31690
31689
31688
31684
31683
31681
31678
31677
31672
31670
31670
31668
31661
31653
31644
31638
31633
31631
31630
31628
31627
31624
31616
31612
31612
31609
31603
31600
31595
31583
31580
31573
31568
31566
31566
31561
31558
31557
31553
31547
31546
31543
31543
31540
31540
31536
31532
31529
31528
31519
31515
31511
31506
31496
31493
31489
31488
31484
31482
31481
31480
31472
31471
31466
31461
31455
31455
31443
31442
31437
31435
31434
31421
31417
31417
31410
31406
31395
31393
31391
31389
31388
31387
31386
31384
31383
31381
31372
31372
31370
31366
31359
31357
31352
31351
31351
31346
31343
31341
31336
31335
31331
31330
31330
31328
31327
31320
31315
31314
31313
31308
31305
31304
31294
31290
31290
31286
31284
31282
31281
31272
31269
31266
31262
31251
31248
31246
31245
31244
31243
31238
31237
31236
31232
31231
31228
31223
31220
31217
31206
31202
31201
31200
31196
31193
31193
31192
31191
31189
31188
31180
31173
31162
31160
31158
31154
31153
31149
31146
31141
31133
31131
31131
31124
31124
31122
31109
31109
31106
31105
31100
31098
31094
31084
31083
31083
31082
31082
31078
31075
31064
31053
31053
31052
31050
31040
31034
31033
31032
31030
31029
31025
31023
31022
31019
31019
31017
31016
31015
31015
31013
31013
31007
31006
30997
30996
30996
30995
30986
30980
30973
30970
30962
30959
30953
30953
30951
30943
30939
30939
30918
30909
30908
30908
30903
30902
30897
30895
30892
30890
30882
30869
30863
30859
30858
30857
30856
30854
30853
30853
30848
30847
30846
30845
30841
30832
30825
30824
30823
30822
30819
30819
30818
30812
30810
30807
30807
30804
30804
30802
30800
30794
30793
30787
30786
30785
30783
30776
30769
30769
30762
30756
30755
30754
30752
30751
30748
30744
30743
30740
30739
30729
30724
30723
30716
30713
30705
30702
30691
30676
30672
30667
30665
30665
30663
30660
30656
30640
30631
30628
30625
30623
30620
30618
30615
30610
30610
30606
30604
30604
30600
30600
30596
30595
30593
30591
30588
30587
30585
30579
30578
30578
30571
30569
30563
30561
30558
30556
30556
30551
30549
30546
30532
30531
30530
30528
30527
30519
30518
30518
30516
30516
30511
30507
30505
30502
30501
30500
30490
30489
30489
30487
30484
30483
30483
30473
30471
30453
30451
30450
30446
30446
30431
30428
30415
30411
30409
30409
30406
30405
30404
30399
30399
30396
30390
30389
30387
30383
30380
30377
30370
30368
30366
30366
30362
30359
30356
30353
30344
30342
30339
30335
30334
30331
30331
30330
30325
30325
30318
30315
30312
30310
30309
30303
30301
30296
30288
30287
30287
30286
30285
30279
30274
30271
30271
30262
30259
30258
30253
30252
30248
30240
30215
30215
30212
30207
30205
30201
30200
30192
30191
30183
30177
30175
30171
30161
30157
30157
30157
30151
30150
30150
30148
30148
30147
30137
30134
30128
30125
30123
30122
30118
30110
30101
30092
30091
30090
30087
30087
30084
30083
30083
30080
30080
30078
30074
30072
30072
30065
30064
30063
30062
30062
30059
30057
30051
30047
30043
30043
30041
30037
30036
30030
30026
30017
30016
30012
30010
30009
30005
30003
30002
30001
29994
29988
29987
29984
29972
29966
29964
29963
29959
29953
29943
29938
29925
29921
29919
29912
29909
29906
29905
29904
29897
29895
29891
29888
29887
29887
29883
29882
29876
29872
29867
29864
29864
29858
29853
29853
29850
29846
29846
29841
29830
29827
29822
29822
29819
29817
29816
29811
29808
29801
29799
29797
29792
29784
29784
29782
29782
29781
29777
29765
29760
29756
29736
29735
29731
29729
29729
29724
29724
29724
29724
29723
29721
29719
29718
29713
29712
29711
29705
29702
29694
29690
29687
29687
29687
29686
29683
29670
29668
29659
29658
29657
29655
29642
29642
29642
29638
29637
29634
29632
29632
29626
29625
29623
29620
29620
29617
29615
29611
29608
29605
29602
29600
29593
29592
29589
29587
29587
29583
29583
29583
29582
29582
29574
29573
29564
29563
29563
29561
29560
29557
29546
29544
29536
29531
29530
29528
29525
29524
29516
29513
29512
29512
29511
29505
29503
29496
29495
29491
29490
29486
29478
29476
29473
29464
29462
29462
29462
29459
29450
29448
29447
29441
29437
29435
29434
29434
29430
29423
29421
29420
29404
29402
29396
29395
29393
29391
29391
29387
29376
29375
29372
29372
29370
29370
29366
29355
29354
29347
29344
29342
29340
29339
29333
29333
29331
29331
29326
29322
29318
29318
29316
29314
29311
29308
29308
29304
29302
29297
29296
29288
29288
29288
29284
29283
29283
29283
29281
29273
29264
29263
29263
29259
29257
29254
29251
29248
29245
29237
29236
29231
29225
29223
29223
29223
29222
29221
29207
29205
29200
29199
29199
29185
29182
29179
29179
29178
29175
29175
29170
29167
29165
29164
29162
29149
29144
29142
29139
29139
29136
29135
29133
29131
29128
29127
29127
29125
29116
29115
29114
29112
29108
29106
29105
29097
29097
29092
29085
29085
29079
29072
29056
29055
29053
29052
29045
29044
29041
29038
29038
29037
29036
29035
29035
29032
29026
29016
29012
29010
29009
29001
28994
28994
28988
28985
28984
28979
28977
28977
28977
28970
28969
28966
28965
28964
28963
28959
28956
28948
28946
28946
28939
28938
28937
28936
28936
28931
28928
28927
28926
28923
28921
28921
28919
28914
28914
28911
28911
28910
28907
28905
28902
28900
28899
28893
28888
28886
28885
28878
28876
28872
28872
28869
28866
28860
28855
28847
28845
28844
28834
28830
28830
28829
28824
28819
28815
28808
28807
28806
28802
28797
28795
28784
28783
28780
28780
28779
28772
28772
28770
28768
28765
28760
28756
28756
28756
28748
28748
28748
28747
28742
28740
28740
28724
28723
28717
28716
28711
28704
28696
28695
28690
28688
28685
28678
28678
28676
28672
28667
28666
28664
28664
28657
28655
28655
28655
28655
28654
28652
28645
28642
28637
28634
28634
28634
28631
28627
28625
28622
28620
28614
28613
28612
28609
28607
28606
28605
28602
28602
28594
28583
28582
28581
28577
28574
28573
28572
28571
28570
28569
28568
28567
28566
28563
28562
28560
28559
28551
28542
28534
28529
28527
28525
28518
28513
28513
28512
28508
28503
28500
28498
28497
28493
28491
28490
28487
28486
28486
28484
28481
28476
28473
28472
28470
28469
28462
28456
28435
28429
28428
28423
28422
28416
28416
28415
28415
28412
28408
28407
28402
28400
28392
28388
28386
28383
28369
28366
28363
28358
28355
28355
28353
28350
28344
28341
28337
28336
28333
28329
28327
28327
28319
28312
28290
28288
28281
28281
28280
28280
28274
28272
28270
28268
28267
28266
28265
28263
28262
28261
28257
28255
28255
28255
28248
28243
28243
28236
28235
28230
28224
28219
28213
28211
28207
28203
28187
28186
28184
28180
28176
28176
28168
28167
28166
28164
28154
28150
28149
28148
28148
28137
28136
28136
28135
28126
28125
28123
28123
28105
28105
28104
28100
28099
28092
28092
28091
28085
28081
28080
28078
28078
28077
28076
28071
28070
28066
28060
28060
28060
28057
28053
28052
28048
28044
28037
28036
28035
28033
28032
28022
28021
28020
28017
28013
28013
28009
28008
28007
28005
28002
28001
27999
27998
27996
27996
27995
27995
27993
27992
27990
27986
27984
27980
27980
27979
27979
27978
27973
27973
27971
27966
27965
27963
27963
27962
27960
27959
27953
27952
27952
27952
27950
27947
27934
27930
27925
27918
27915
27913
27913
27911
27907
27906
27906
27895
27894
27892
27891
27891
27888
27884
27880
27880
27880
27879
27876
27875
27874
27871
27870
27869
27869
27868
27863
27856
27856
27855
27848
27847
27843
27842
27842
27839
27830
27826
27818
27818
27815
27813
27812
27809
27806
27798
27797
27797
27791
27789
27787
27773
27769
27766
27761
27754
27753
27748
27745
27740
27733
27733
27733
27729
27729
27721
27718
27712
27704
27700
27697
27697
27692
27680
27678
27672
27671
27668
27659
27650
27649
27645
27638
27636
27627
27624
27622
27621
27619
27612
27612
27611
27611
27609
27599
27597
27591
27584
27571
27569
27562
27559
27554
27553
27551
27534
27526
27506
27505
27503
27503
27499
27497
27494
27490
27489
27478
27476
27467
27464
27462
27461
27458
27454
27442
27440
27437
27434
27433
27430
27429
27428
27424
27423
27423
27417
27416
27414
27412
27412
27407
27405
27402
27401
27400
27398
27398
27395
27392
27387
27386
27385
27382
27374
27370
27368
27367
27365
27363
27361
27361
27352
27350
27349
27348
27346
27344
27342
27342
27340
27339
27339
27332
27329
27326
27319
27313
27312
27306
27301
27301
27300
27299
27298
27295
27293
27292
27286
27286
27286
27284
27282
27281
27280
27277
27277
27261
27260
27259
27248
27245
27243
27242
27242
27240
27236
27233
27231
27230
27228
27219
27218
27210
27206
27205
27191
27178
27177
27172
27170
27161
27159
27153
27152
27149
27148
27147
27146
27146
27143
27140
27138
27137
27135
27135
27134
27132
27132
27132
27131
27131
27130
27127
27125
27124
27122
27122
27120
27120
27117
27117
27115
27113
27113
27111
27109
27105
27105
27097
27093
27091
27090
27087
27079
27073
27070
27064
27064
27061
27060
27060
27058
27056
27056
27050
27050
27048
27045
27044
27040
27038
27033
27023
27022
27022
27021
27017
27016
27012
27010
27010
27008
27001
27001
26995
26992
26990
26989
26988
26984
26984
26982
26980
26979
26976
26975
26969
26966
26964
26962
26953
26952
26951
26948
26945
26937
26936
26936
26934
26933
26922
26922
26919
26918
26917
26914
26912
26911
26910
26907
26902
26901
26900
26900
26893
26892
26889
26886
26885
26881
26879
26878
26876
26875
26874
26866
26865
26862
26862
26861
26859
26855
26851
26850
26849
26848
26841
26837
26835
26834
26834
26833
26831
26829
26826
26824
26819
26818
26816
26815
26812
26811
26810
26807
26806
26805
26804
26802
26799
26797
26790
26789
26788
26787
26783
26781
26777
26774
26772
26770
26756
26755
26747
26745
26743
26742
26742
26742
26738
26734
26723
26721
26719
26703
26695
26693
26692
26686
26682
26681
26680
26679
26678
26677
26670
26667
26664
26662
26656
26653
26650
26644
26629
26627
26621
26619
26609
26609
26607
26604
26603
26601
26598
26598
26595
26593
26586
26586
26583
26579
26575
26574
26570
26566
26566
26563
26560
26556
26552
26551
26550
26547
26546
26542
26540
26538
26537
26533
26530
26525
26519
26519
26518
26515
26508
26505
26502
26492
26492
26491
26477
26476
26462
26455
26452
26451
26449
26446
26444
26443
26429
26414
26409
26408
26403
26397
26384
26384
26379
26377
26369
26369
26368
26367
26364
26362
26362
26357
26349
26347
26346
26340
26339
26333
26323
26323
26321
26321
26317
26316
26314
26313
26303
26301
26296
26296
26294
26293
26292
26286
26285
26283
26277
26273
26273
26267
26260
26259
26257
26255
26251
26242
26237
26236
26235
26227
26226
26216
26207
26206
26205
26202
26185
26185
26184
26181
26179
26168
26165
26160
26157
26143
26140
26132
26132
26131
26128
26125
26123
26122
26115
26111
26109
26105
26104
26104
26099
26098
26097
26096
26095
26093
26093
26092
26081
26081
26068
26064
26063
26062
26053
26051
26047
26043
26041
26040
26039
26038
26031
26025
26025
26023
26023
26022
26022
26021
26016
26011
26009
26005
26004
25998
25998
25987
25985
25981
25976
25973
25964
25963
25956
25950
25947
25946
25945
25940
25937
25931
25927
25927
25922
25919
25916
25914
25913
25906
25905
25903
25898
25895
25893
25884
25883
25883
25882
25882
25880
25872
25869
25866
25865
25864
25862
25851
25850
25850
25847
25842
25837
25837
25836
25833
25833
25831
25829
25824
25819
25816
25815
25810
25806
25803
25796
25794
25792
25784
25780
25779
25779
25779
25778
25775
25774
25768
25767
25766
25765
25763
25761
25755
25751
25747
25741
25741
25730
25726
25717
25717
25711
25708
25706
25699
25698
25694
25694
25686
25683
25680
25680
25679
25675
25673
25671
25651
25648
25647
25646
25644
25642
25636
25627
25627
25626
25625
25623
25617
25615
25612
25608
25601
25598
25595
25592
25576
25575
25572
25561
25560
25555
25545
25545
25544
25541
25540
25538
25534
25534
25531
25530
25522
25518
25517
25513
25509
25505
25505
25504
25504
25503
25503
25498
25493
25492
25487
25486
25477
25477
25473
25471
25463
25460
25455
25445
25444
25437
25434
25434
25432
25429
25427
25426
25426
25424
25423
25422
25418
25411
25406
25400
25399
25392
25380
25377
25373
25373
25367
25360
25359
25358
25357
25355
25351
25350
25348
25347
25346
25336
25333
25331
25330
25313
25303
25297
25293
25291
25291
25288
25286
25285
25281
25279
25276
25273
25273
25272
25267
25261
25259
25258
25255
25255
25252
25248
25247
25246
25242
25240
25236
25230
25227
25226
25221
25212
25211
25209
25209
25209
25209
25205
25203
25203
25201
25187
25187
25185
25183
25181
25173
25170
25162
25157
25155
25155
25152
25152
25147
25147
25146
25141
25138
25138
25137
25134
25131
25129
25126
25123
25121
25120
25117
25117
25117
25106
25105
25097
25095
25092
25091
25082
25079
25079
25074
25070
25067
25066
25066
25063
25061
25054
25047
25040
25038
25035
25031
25022
25021
25019
25018
25017
25014
25006
25004
25004
25003
25001
25000
24998
24998
24997
24996
24996
24993
24990
24989
24982
24980
24980
24978
24978
24974
24974
24965
24964
24963
24961
24956
24953
24952
24950
24946
24945
24940
24935
24934
24931
24924
24918
24917
24917
24908
24907
24906
24906
24905
24902
24901
24897
24895
24894
24893
24889
24888
24884
24883
24881
24878
24876
24874
24874
24873
24872
24872
24868
24868
24865
24863
24859
24856
24855
24851
24847
24841
24839
24835
24830
24829
24829
24822
24822
24821
24816
24816
24811
24805
24803
24802
24800
24795
24794
24778
24777
24774
24772
24771
24771
24769
24768
24767
24766
24760
24758
24751
24750
24749
24744
24744
24740
24735
24731
24730
24722
24721
24715
24714
24714
24711
24707
24705
24699
24696
24692
24691
24691
24690
24689
24689
24687
24686
24679
24678
24678
24672
24672
24672
24661
24659
24654
24648
24648
24648
24647
24646
24634
24634
24634
24629
24625
24623
24622
24609
24609
24609
24608
24608
24607
24607
24600
24600
24599
24597
24593
24592
24591
24587
24580
24574
24574
24568
24566
24566
24565
24561
24553
24548
24539
24538
24537
24536
24525
24521
24521
24517
24514
24512
24510
24507
24503
24500
24499
24495
24477
24473
24462
24454
24452
24451
24449
24449
24446
24446
24435
24433
24427
24424
24420
24418
24413
24400
24394
24389
24388
24388
24387
24380
24377
24372
24368
24367
24365
24349
24348
24346
24346
24346
24346
24326
24326
24324
24321
24319
24317
24310
24305
24305
24303
24297
24295
24295
24294
24293
24282
24282
24276
24276
24267
24265
24259
24252
24249
24249
24247
24246
24245
24241
24232
24232
24227
24224
24221
24207
24204
24201
24199
24193
24180
24179
24170
24168
24168
24166
24163
24160
24159
24157
24155
24152
24146
24142
24140
24138
24127
24125
24123
24121
24117
24112
24106
24102
24102
24098
24097
24091
24084
24084
24079
24069
24067
24065
24058
24053
24049
24045
24042
24041
24040
24036
24035
24034
24033
24024
24019
24018
24015
24014
24013
24007
24007
24007
24006
23996
23991
23981
23980
23976
23971
23968
23968
23963
23958
23945
23945
23942
23937
23936
23933
23929
23925
23920
23912
23912
23911
23909
23908
23908
23906
23904
23904
23891
23888
23887
23885
23883
23876
23876
23875
23871
23867
23867
23865
23859
23853
23847
23847
23841
23841
23838
23837
23835
23831
23827
23825
23823
23822
23821
23818
23815
23813
23807
23800
23798
23795
23794
23794
23790
23786
23785
23777
23775
23772
23771
23764
23762
23761
23753
23750
23749
23739
23737
23731
23725
23719
23715
23713
23709
23706
23704
23703
23703
23702
23698
23697
23694
23694
23688
23687
23687
23685
23678
23677
23668
23665
23664
23664
23658
23655
23652
23652
23644
23644
23640
23635
23635
23634
23632
23624
23618
23617
23613
23613
23613
23612
23601
23601
23598
23598
23597
23593
23585
23582
23580
23576
23573
23572
23571
23570
23566
23565
23562
23559
23559
23559
23558
23553
23550
23549
23549
23548
23545
23540
23535
23530
23525
23519
23517
23516
23510
23508
23508
23503
23500
23497
23493
23492
23491
23488
23480
23469
23464
23457
23449
23441
23435
23434
23430
23426
23425
23423
23422
23421
23415
23411
23411
23409
23401
23401
23395
23391
23388
23388
23387
23386
23383
23381
23381
23380
23375
23372
23370
23370
23369
23366
23359
23357
23356
23354
23351
23344
23341
23335
23329
23322
23321
23320
23315
23313
23312
23309
23308
23305
23305
23302
23285
23282
23281
23275
23275
23275
23274
23272
23272
23261
23261
23256
23255
23253
23250
23250
23248
23248
23248
23247
23241
23240
23234
23234
23232
23225
23220
23218
23217
23217
23211
23209
23209
23206
23205
23203
23202
23198
23196
23194
23189
23183
23165
23160
23159
23156
23155
23152
23152
23151
23151
23147
23145
23142
23141
23138
23131
23126
23123
23123
23122
23118
23117
23117
23114
23112
23109
23108
23101
23100
23098
23098
23096
23082
23076
23075
23074
23056
23055
23047
23046
23036
23032
23025
23014
23014
23005
23002
22996
22995
22989
22982
22978
22976
22976
22974
22973
22972
22970
22969
22969
22963
22960
22954
22953
22952
22949
22947
22944
22944
22943
22942
22933
22928
22926
22922
22918
22917
22912
22910
22910
22905
22905
22904
22898
22894
22889
22885
22884
22883
22881
22881
22879
22868
22868
22864
22862
22861
22854
22847
22842
22838
22836
22833
22832
22829
22828
22828
22825
22824
22821
22814
22813
22809
22807
22806
22801
22797
22793
22791
22785
22781
22781
22773
22772
22771
22764
22758
22758
22755
22754
22753
22746
22740
22740
22739
22735
22733
22729
22725
22716
22715
22715
22710
22703
22701
22700
22696
22695
22692
22691
22691
22690
22681
22678
22673
22668
22665
22665
22664
22664
22663
22658
22656
22650
22645
22645
22633
22633
22629
22623
22619
22619
22614
22613
22608
22603
22602
22588
22582
22578
22574
22573
22573
22573
22572
22570
22565
22558
22557
22556
22553
22552
22551
22551
22550
22547
22546
22543
22540
22539
22536
22530
22526
22523
22522
22521
22520
22513
22511
22501
22499
22494
22494
22491
22487
22486
22484
22483
22483
22480
22480
22479
22477
22475
22473
22466
22465
22457
22454
22453
22446
22445
22442
22441
22439
22434
22425
22418
22416
22409
22407
22406
22400
22399
22390
22389
22388
22386
22386
22383
22376
22372
22369
22363
22357
22356
22355
22352
22349
22344
22342
22342
22340
22332
22330
22329
22327
22326
22324
22322
22321
22317
22313
22309
22308
22305
22304
22297
22290
22279
22277
22275
22274
22273
22269
22269
22260
22260
22253
22248
22247
22247
22247
22246
22243
22228
22227
22220
22218
22217
22200
22195
22195
22190
22183
22182
22182
22172
22170
22168
22168
22164
22161
22155
22149
22141
22140
22137
22134
22132
22130
22123
22118
22117
22112
22103
22103
22097
22096
22091
22090
22079
22076
22073
22073
22066
22066
22063
22058
22056
22054
22052
22052
22050
22049
22049
22047
22043
22042
22040
22038
22034
22033
22032
22031
22024
22021
22018
22013
22009
22008
22006
21999
21996
21986
21984
21982
21970
21968
21961
21955
21952
21950
21948
21947
21946
21940
21938
21936
21936
21936
21935
21934
21926
21924
21924
21924
21923
21917
21917
21916
21910
21907
21895
21886
21885
21884
21882
21881
21871
21863
21863
21855
21848
21848
21847
21844
21838
21838
21828
21827
21815
21812
21810
21808
21808
21802
21802
21801
21801
21797
21796
21795
21793
21787
21787
21787
21785
21782
21781
21778
21777
21774
21769
21768
21767
21767
21764
21761
21755
21755
21754
21746
21746
21744
21739
21737
21737
21736
21725
21724
21723
21706
21705
21698
21698
21697
21697
21697
21693
21690
21683
21681
21678
21670
21668
21660
21651
21648
21648
21643
21639
21639
21638
21637
21635
21633
21629
21628
21628
21625
21625
21620
21618
21615
21615
21615
21606
21605
21605
21603
21601
21600
21600
21598
21593
21593
21586
21584
21576
21574
21572
21569
21568
21567
21563
21557
21555
21550
21548
21547
21547
21543
21538
21537
21537
21536
21533
21532
21529
21525
21522
21522
21519
21518
21516
21514
21513
21512
21511
21509
21509
21508
21502
21500
21499
21493
21492
21491
21487
21483
21481
21480
21477
21476
21465
21464
21455
21443
21441
21435
21433
21428
21420
21399
21398
21390
21389
21378
21378
21370
21359
21357
21357
21351
21340
21338
21338
21338
21337
21337
21331
21329
21325
21320
21315
21315
21310
21308
21300
21296
21296
21294
21292
21287
21279
21279
21278
21277
21276
21272
21260
21257
21255
21254
21254
21253
21253
21252
21252
21251
21250
21247
21247
21243
21236
21236
21235
21234
21231
21228
21227
21222
21214
21213
21204
21204
21200
21198
21198
21190
21187
21182
21169
21166
21163
21156
21154
21153
21150
21147
21140
21138
21131
21128
21122
21116
21110
21105
21104
21099
21096
21090
21090
21083
21079
21079
21078
21077
21072
21069
21058
21051
21049
21041
21041
21036
21035
21034
21024
21022
21021
21020
21014
21009
21008
21004
21004
21002
20994
20988
20988
20985
20982
20981
20978
20978
20976
20976
20970
20966
20959
20952
20946
20945
20943
20940
20938
20934
20933
20928
20918
20917
20907
20903
20901
20899
20898
20898
20894
20892
20891
20891
20890
20886
20881
20878
20877
20877
20875
20872
20870
20868
20862
20859
20858
20854
20847
20847
20842
20840
20837
20836
20834
20832
20828
20826
20819
20812
20809
20808
20807
20806
20806
20802
20801
20796
20795
20792
20792
20790
20790
20790
20790
20788
20786
20782
20782
20781
20773
20771
20769
20767
20767
20767
20761
20761
20759
20757
20750
20745
20742
20741
20740
20732
20731
20730
20725
20723
20720
20715
20715
20697
20696
20695
20689
20687
20686
20683
20683
20680
20680
20676
20675
20671
20670
20666
20664
20664
20662
20662
20659
20657
20654
20652
20651
20648
20648
20646
20636
20629
20627
20621
20609
20609
20605
20600
20589
20589
20582
20581
20570
20565
20563
20559
20559
20558
20558
20558
20555
20555
20555
20546
20542
20542
20541
20534
20531
20529
20528
20527
20526
20523
20521
20514
20511
20510
20502
20498
20497
20497
20495
20491
20484
20465
20462
20458
20457
20454
20453
20440
20437
20436
20431
20423
20419
20397
20397
20395
20388
20388
20380
20373
20372
20371
20371
20369
20367
20355
20355
20352
20349
20348
20346
20336
20336
20334
20331
20329
20324
20322
20322
20322
20316
20314
20312
20310
20305
20303
20303
20303
20301
20294
20290
20287
20274
20274
20271
20269
20266
20266
20265
20265
20263
20255
20255
20250
20249
20248
20241
20234
20230
20229
20224
20213
20211
20207
20200
20197
20191
20187
20184
20183
20183
20182
20181
20175
20172
20172
20169
20153
20149
20148
20143
20139
20139
20132
20121
20118
20116
20116
20114
20114
20113
20113
20110
20103
20103
20103
20099
20097
20095
20090
20090
20089
20089
20082
20080
20074
20066
20065
20064
20064
20059
20059
20058
20057
20045
20045
20043
20036
20034
20025
20019
20019
20013
20012
20010
20008
20005
20005
20001
19998
19994
19991
19990
19987
19981
19977
19976
19975
19969
19968
19967
19961
19954
19947
19947
19945
19944
19937
19933
19932
19931
19929
19925
19921
19916
19910
19906
19901
19901
19897
19896
19895
19895
19892
19889
19881
19875
19875
19870
19870
19867
19867
19865
19864
19857
19847
19843
19839
19837
19826
19826
19825
19818
19812
19810
19807
19805
19803
19789
19789
19786
19783
19783
19779
19773
19767
19764
19763
19762
19761
19759
19757
19755
19751
19749
19748
19743
19736
19732
19722
19722
19708
19705
19704
19698
19694
19687
19685
19680
19679
19679
19674
19672
19670
19670
19669
19668
19651
19648
19639
19639
19637
19634
19621
19616
19614
19608
19607
19601
19599
19594
19591
19590
19589
19584
19583
19580
19579
19577
19565
19564
19564
19552
19546
19546
19531
19531
19520
19516
19513
19508
19508
19505
19505
19502
19498
19497
19488
19481
19478
19478
19474
19474
19473
19469
19469
19458
19457
19454
19454
19453
19452
19449
19449
19447
19432
19426
19424
19423
19418
19417
19417
19410
19403
19400
19400
19397
19389
19388
19384
19383
19383
19383
19382
19380
19377
19374
19366
19359
19351
19346
19338
19333
19332
19331
19330
19328
19327
19325
19324
19314
19314
19310
19310
19308
19307
19304
19299
19297
19295
19293
19293
19289
19287
19286
19286
19282
19277
19275
19272
19271
19264
19261
19259
19252
19249
19248
19245
19242
19238
19237
19235
19234
19227
19224
19223
19219
19214
19213
19209
19199
19197
19195
19194
19190
19182
19181
19175
19173
19171
19168
19162
19161
19159
19159
19152
19151
19151
19150
19148
19147
19147
19138
19138
19132
19124
19119
19111
19111
19109
19104
19099
19096
19093
19091
19083
19083
19081
19066
19062
19061
19061
19060
19048
19047
19047
19046
19046
19044
19041
19040
19022
19021
19016
19006
19001
18995
18993
18986
18981
18977
18977
18977
18975
18961
18960
18956
18953
18953
18951
18945
18945
18941
18940
18936
18935
18928
18927
18925
18925
18913
18902
18899
18894
18883
18883
18883
18881
18878
18875
18853
18853
18853
18849
18849
18848
18846
18846
18845
18845
18838
18835
18834
18833
18831
18829
18823
18822
18817
18816
18812
18812
18810
18800
18794
18793
18791
18788
18788
18785
18783
18782
18775
18774
18771
18766
18766
18759
18759
18751
18740
18739
18731
18729
18727
18725
18724
18718
18716
18714
18712
18709
18706
18704
18702
18698
18697
18682
18682
18679
18679
18669
18669
18658
18655
18641
18639
18636
18631
18629
18623
18621
18620
18617
18617
18614
18614
18612
18611
18608
18602
18594
18593
18589
18584
18582
18579
18578
18577
18576
18573
18569
18553
18553
18552
18550
18550
18549
18545
18541
18540
18539
18538
18526
18520
18514
18514
18513
18513
18512
18509
18509
18506
18506
18499
18498
18494
18494
18494
18490
18483
18483
18477
18477
18474
18474
18470
18467
18466
18462
18461
18461
18458
18457
18450
18440
18437
18437
18437
18423
18422
18419
18417
18417
18414
18412
18410
18400
18397
18396
18394
18391
18391
18389
18388
18385
18385
18384
18381
18378
18373
18372
18368
18367
18366
18365
18361
18361
18361
18359
18358
18357
18355
18353
18352
18350
18347
18344
18343
18343
18343
18336
18336
18331
18329
18322
18319
18314
18310
18306
18304
18303
18298
18297
18289
18288
18284
18280
18280
18276
18275
18274
18274
18272
18271
18270
18268
18268
18267
18266
18263
18258
18257
18256
18239
18239
18236
18234
18233
18232
18224
18221
18209
18207
18204
18199
18192
18191
18190
18183
18181
18179
18173
18172
18168
18166
18162
18161
18159
18151
18145
18140
18136
18134
18133
18132
18132
18129
18129
18126
18126
18119
18111
18108
18106
18101
18101
18095
18094
18092
18087
18085
18077
18076
18075
18075
18074
18073
18072
18069
18065
18061
18060
18055
18055
18053
18053
18050
18048
18047
18044
18044
18038
18036
18036
18034
18031
18027
18027
18026
18016
18009
18007
18004
18001
17999
17999
17995
17990
17987
17986
17980
17980
17975
17964
17959
17952
17949
17949
17949
17941
17941
17940
17937
17934
17934
17933
17933
17931
17922
17921
17919
17919
17911
17908
17905
17898
17894
17888
17887
17886
17881
17881
17881
17880
17876
17872
17866
17858
17858
17854
17850
17847
17846
17836
17835
17835
17832
17824
17819
17818
17817
17815
17810
17808
17808
17802
17799
17796
17793
17792
17791
17775
17770
17769
17768
17761
17760
17758
17755
17747
17746
17745
17745
17739
17738
17738
17737
17734
17733
17727
17722
17721
17715
17713
17709
17702
17700
17700
17694
17691
17677
17675
17675
17671
17670
17661
17658
17656
17654
17653
17653
17648
17641
17638
17628
17628
17626
17625
17625
17625
17624
17623
17618
17604
17603
17582
17577
17574
17570
17558
17554
17552
17543
17537
17535
17529
17528
17519
17517
17511
17507
17496
17489
17489
17486
17484
17484
17484
17479
17477
17475
17474
17469
17465
17457
17456
17455
17446
17446
17434
17431
17427
17422
17420
17419
17417
17415
17415
17410
17410
17407
17407
17402
17399
17397
17396
17395
17394
17392
17382
17377
17376
17374
17362
17354
17353
17349
17346
17336
17334
17326
17323
17322
17321
17320
17317
17315
17315
17308
17308
17305
17305
17285
17282
17279
17277
17272
17267
17266
17264
17257
17256
17252
17248
17246
17246
17237
17236
17230
17229
17214
17212
17205
17199
17190
17179
17177
17174
17171
17160
17156
17152
17143
17129
17118
17103
17093
17089
17087
17087
17081
17076
17075
17073
17071
17069
17069
17059
17057
17056
17054
17049
17038
17028
17019
17017
17012
17010
16997
16993
16988
16988
16984
16984
16983
16977
16975
16972
16971
16970
16966
16965
16964
16963
16961
16958
16948
16948
16943
16940
16937
16937
16934
16932
16930
16929
16927
16917
16917
16912
16904
16904
16889
16886
16884
16877
16874
16869
16863
16848
16840
16838
16837
16835
16834
16832
16829
16826
16824
16821
16818
16816
16810
16799
16797
16791
16789
16783
16782
16780
16777
16774
16772
16767
16767
16763
16745
16744
16736
16734
16726
16723
16722
16722
16717
16716
16715
16715
16712
16710
16709
16706
16705
16699
16695
16689
16689
16688
16685
16674
16659
16658
16657
16653
16652
16639
16633
16619
16619
16611
16610
16603
16601
16594
16588
16581
16580
16577
16577
16577
16573
16569
16566
16561
16560
16559
16555
16555
16553
16551
16548
16543
16543
16540
16535
16532
16525
16525
16522
16519
16515
16515
16512
16509
16503
16500
16499
16497
16496
16496
16494
16484
16482
16481
16480
16479
16478
16476
16474
16473
16467
16464
16452
16452
16438
16431
16429
16426
16420
16420
16418
16413
16412
16407
16407
16403
16400
16399
16396
16391
16385
16383
16373
16370
16363
16358
16353
16353
16352
16347
16346
16342
16337
16336
16322
16320
16319
16315
16312
16311
16304
16301
16300
16299
16295
16293
16287
16287
16283
16279
16275
16272
16262
16257
16252
16250
16250
16249
16249
16244
16236
16234
16229
16224
16220
16211
16206
16205
16204
16201
16198
16193
16192
16188
16183
16182
16177
16174
16174
16174
16171
16171
16168
16163
16156
16148
16137
16137
16135
16129
16129
16127
16124
16123
16123
16122
16121
16118
16117
16110
16106
16105
16103
16101
16098
16085
16084
16061
16059
16058
16050
16048
16043
16035
16026
16026
16022
16014
16008
16006
16003
15989
15987
15986
15982
15979
15974
15973
15967
15965
15960
15959
15958
15952
15949
15942
15936
15929
15925
15924
15922
15919
15915
15910
15899
15897
15895
15895
15892
15890
15889
15888
15878
15870
15869
15859
15856
15855
15854
15850
15846
15841
15837
15834
15834
15833
15830
15822
15822
15821
15821
15816
15804
15804
15803
15797
15792
15786
15785
15783
15782
15781
15779
15779
15777
15773
15766
15765
15764
15761
15760
15758
15755
15753
15752
15747
15732
15728
15727
15725
15724
15724
15723
15723
15720
15710
15709
15709
15705
15704
15691
15691
15688
15688
15684
15683
15682
15679
15678
15674
15673
15659
15649
15640
15632
15630
15626
15619
15615
15613
15610
15610
15608
15605
15601
15597
15590
15584
15578
15575
15572
15572
15568
15566
15565
15564
15562
15556
15555
15550
15548
15546
15545
15544
15538
15531
15530
15529
15525
15524
15523
15520
15520
15519
15518
15514
15514
15511
15510
15506
15504
15502
15499
15494
15492
15490
15486
15475
15467
15465
15460
15457
15456
15455
15454
15452
15442
15441
15439
15435
15433
15431
15430
15429
15429
15425
15423
15415
15412
15411
15406
15406
15403
15402
15398
15393
15393
15392
15389
15386
15386
15384
15375
15374
15373
15371
15368
15366
15356
15356
15355
15351
15348
15347
15343
15342
15341
15340
15335
15328
15327
15325
15323
15322
15314
15314
15312
15312
15309
15309
15306
15301
15297
15295
15294
15294
15292
15284
15272
15270
15269
15267
15261
15259
15253
15242
15241
15238
15237
15237
15229
15225
15224
15222
15222
15221
15221
15217
15217
15215
15209
15208
15206
15203
15196
15192
15189
15188
15183
15180
15178
15172
15172
15168
15167
15165
15161
15155
15153
15148
15144
15142
15121
15118
15105
15105
15104
15102
15099
15096
15093
15093
15092
15092
15083
15080
15079
15077
15074
15074
15074
15062
15056
15054
15053
15048
15047
15045
15044
15043
15037
15033
15030
15029
15029
15028
15017
15015
15012
15007
15006
15005
15003
15002
15002
14997
14993
14991
14990
14984
14977
14977
14976
14975
14966
14965
14958
14956
14955
14952
14951
14948
14943
14942
14938
14937
14935
14935
14934
14929
14928
14927
14924
14922
14922
14922
14918
14916
14915
14915
14914
14914
14912
14911
14907
14905
14903
14900
14898
14894
14893
14891
14888
14885
14884
14881
14880
14875
14875
14872
14871
14871
14870
14867
14864
14862
14861
14856
14852
14847
14841
14837
14837
14835
14834
14820
14818
14817
14817
14813
14813
14806
14806
14797
14795
14792
14789
14787
14785
14785
14783
14779
14775
14763
14754
14751
14747
14746
14745
14741
14738
14738
14738
14736
14730
14726
14719
14718
14712
14702
14696
14696
14684
14681
14677
14676
14675
14674
14672
14671
14671
14665
14664
14662
14661
14661
14658
14645
14643
14639
14625
14621
14610
14606
14604
14599
14597
14597
14596
14594
14591
14590
14582
14570
14565
14562
14560
14556
14555
14555
14555
14553
14547
14539
14534
14529
14528
14525
14524
14524
14520
14518
14512
14511
14511
14510
14507
14506
14503
14501
14498
14495
14486
14484
14484
14482
14477
14476
14476
14475
14471
14469
14463
14463
14459
14458
14457
14455
14442
14441
14437
14433
14431
14426
14422
14409
14408
14403
14399
14394
14393
14392
14391
14389
14387
14387
14384
14383
14382
14377
14370
14367
14365
14361
14360
14358
14354
14353
14352
14349
14349
14345
14337
14330
14329
14324
14318
14313
14313
14306
14306
14304
14297
14296
14292
14281
14276
14274
14271
14270
14263
14261
14260
14260
14259
14253
14245
14245
14243
14243
14243
14242
14241
14239
14233
14233
14227
14220
14217
14217
14208
14207
14203
14200
14199
14195
14195
14186
14184
14176
14175
14169
14166
14163
14161
14151
14146
14146
14139
14138
14137
14136
14132
14124
14123
14121
14104
14102
14100
14099
14081
14079
14079
14077
14072
14071
14070
14064
14063
14055
14051
14049
14044
14043
14043
14030
14026
14024
14024
14012
14012
14010
14005
14002
13994
13992
13991
13990
13990
13986
13985
13985
13984
13979
13978
13976
13966
13963
13953
13952
13948
13947
13933
13933
13933
13931
13930
13930
13929
13929
13929
13924
13924
13924
13924
13921
13920
13915
13915
13912
13905
13895
13894
13889
13886
13884
13882
13881
13879
13876
13870
13866
13865
13861
13861
13850
13846
13834
13832
13830
13828
13822
13821
13810
13808
13808
13808
13799
13791
13790
13788
13786
13784
13781
13778
13776
13775
13771
13761
13761
13757
13748
13745
13743
13743
13742
13740
13739
13737
13732
13726
13720
13718
13718
13717
13717
13716
13715
13714
13712
13711
13710
13704
13703
13698
13698
13691
13668
13666
13665
13664
13658
13656
13654
13651
13645
13637
13634
13634
13631
13628
13617
13616
13614
13609
13608
13607
13603
13599
13598
13595
13588
13586
13586
13584
13574
13573
13571
13569
13565
13563
13562
13560
13552
13552
13549
13544
13544
13541
13536
13531
13530
13527
13526
13520
13518
13510
13504
13502
13499
13498
13498
13497
13494
13493
13490
13488
13484
13484
13477
13474
13474
13473
13473
13470
13467
13465
13462
13462
13462
13461
13460
13458
13457
13455
13452
13449
13440
13436
13436
13434
13432
13426
13409
13407
13402
13401
13400
13394
13393
13390
13389
13387
13382
13382
13374
13374
13372
13372
13371
13370
13369
13368
13365
13353
13351
13349
13347
13346
13343
13342
13339
13338
13337
13336
13331
13328
13321
13318
13317
13315
13315
13309
13307
13299
13282
13281
13279
13278
13273
13270
13269
13268
13267
13256
13255
13255
13255
13254
13247
13240
13237
13235
13233
13228
13224
13220
13218
13215
13214
13214
13212
13207
13207
13206
13205
13202
13201
13198
13193
13190
13189
13177
13173
13172
13172
13172
13171
13168
13165
13149
13149
13146
13143
13143
13141
13137
13129
13127
13126
13126
13126
13113
13106
13103
13102
13091
13090
13089
13088
13086
13085
13084
13083
13072
13067
13063
13058
13057
13056
13055
13055
13054
13054
13053
13052
13049
13034
13033
13029
13027
13013
13010
13010
13006
13005
13003
13003
12996
12996
12983
12978
12975
12973
12973
12971
12964
12959
12958
12957
12957
12954
12945
12944
12937
12936
12932
12931
12931
12929
12927
12924
12922
12920
12918
12912
12905
12904
12900
12898
12896
12895
12893
12891
12888
12878
12871
12871
12871
12869
12864
12862
12860
12859
12858
12856
12853
12852
12847
12844
12844
12841
12840
12839
12837
12836
12834
12832
12831
12829
12828
12821
12821
12819
12819
12819
12818
12818
12815
12815
12815
12811
12809
12806
12806
12806
12783
12783
12778
12777
12776
12776
12775
12763
12761
12759
12755
12749
12744
12743
12740
12739
12733
12728
12727
12721
12717
12714
12711
12710
12701
12695
12694
12687
12685
12680
12679
12678
12676
12675
12673
12670
12664
12660
12655
12654
12647
12641
12637
12635
12632
12623
12615
12613
12609
12606
12605
12604
12604
12601
12601
12600
12592
12590
12588
12587
12582
12581
12579
12578
12573
12570
12567
12566
12566
12563
12559
12554
12554
12554
12553
12551
12548
12545
12543
12528
12527
12526
12523
12523
12522
12516
12515
12513
12505
12489
12489
12488
12484
12483
12480
12477
12476
12468
12468
12465
12464
12460
12459
12457
12455
12451
12448
12445
12443
12441
12440
12436
12436
12436
12435
12434
12425
12421
12420
12420
12417
12415
12414
12410
12410
12409
12408
12403
12402
12400
12399
12397
12396
12394
12390
12389
12389
12387
12387
12383
12382
12381
12381
12377
12373
12373
12368
12367
12365
12364
12364
12363
12356
12355
12354
12340
12337
12335
12335
12333
12327
12321
12319
12316
12306
12295
12294
12289
12287
12282
12279
12277
12276
12275
12268
12267
12259
12259
12258
12256
12249
12247
12247
12246
12240
12236
12235
12233
12233
12232
12232
12219
12216
12213
12208
12207
12204
12188
12183
12183
12180
12178
12176
12175
12173
12171
12159
12156
12145
12142
12141
12140
12138
12129
12129
12128
12127
12126
12126
12124
12124
12122
12121
12119
12114
12113
12110
12105
12105
12097
12095
12094
12093
12091
12088
12087
12085
12084
12082
12069
12066
12065
12064
12061
12060
12058
12057
12055
12052
12049
12049
12048
12048
12046
12044
12043
12043
12031
12031
12031
12024
12024
12023
12017
12013
12012
12004
12004
11997
11996
11991
11991
11983
11979
11975
11975
11975
11968
11957
11954
11953
11946
11943
11943
11940
11939
11938
11936
11935
11930
11928
11917
11913
11908
11904
11903
11903
11898
11898
11892
11892
11882
11879
11879
11875
11855
11852
11851
11850
11846
11844
11834
11834
11833
11827
11827
11826
11821
11815
11812
11811
11808
11807
11801
11792
11791
11791
11790
11790
11786
11786
11784
11784
11779
11777
11776
11772
11771
11768
11767
11765
11761
11759
11758
11754
11751
11746
11744
11739
11739
11733
11729
11727
11724
11718
11713
11712
11706
11702
11686
11684
11676
11667
11667
11660
11656
11655
11654
11652
11639
11636
11635
11635
11629
11624
11624
11623
11617
11613
11609
11608
11598
11598
11595
11593
11592
11591
11590
11588
11587
11578
11573
11569
11568
11559
11557
11555
11551
11551
11547
11544
11541
11537
11514
11511
11506
11503
11503
11500
11500
11499
11498
11491
11485
11485
11479
11471
11469
11463
11463
11461
11458
11456
11450
11448
11446
11445
11443
11439
11435
11435
11434
11433
11429
11426
11424
11424
11422
11417
11417
11414
11413
11413
11399
11397
11396
11395
11395
11394
11391
11384
11378
11375
11373
11369
11366
11361
11350
11346
11344
11344
11336
11334
11332
11330
11324
11323
11317
11315
11315
11306
11306
11304
11303
11294
11289
11288
11285
11284
11283
11282
11282
11281
11276
11261
11261
11259
11257
11257
11246
11244
11244
11241
11240
11234
11234
11233
11229
11228
11224
11224
11222
11197
11196
11196
11195
11192
11192
11190
11189
11185
11182
11182
11179
11175
11171
11168
11160
11160
11158
11157
11156
11152
11151
11151
11142
11142
11141
11139
11138
11122
11117
11115
11113
11113
11112
11109
11108
11107
11104
11099
11092
11090
11083
11079
11079
11078
11073
11073
11072
11068
11065
11063
11060
11058
11056
11054
11052
11048
11038
11038
11031
11023
11023
11022
11014
11014
11005
10997
10996
10994
10993
10992
10989
10985
10983
10977
10973
10973
10973
10971
10967
10958
10956
10955
10955
10944
10943
10939
10939
10937
10937
10930
10929
10928
10927
10927
10924
10921
10919
10919
10919
10917
10916
10915
10913
10911
10905
10903
10902
10901
10900
10895
10892
10890
10890
10889
10888
10886
10879
10877
10870
10869
10867
10865
10864
10860
10860
10852
10850
10843
10837
10835
10833
10832
10830
10822
10821
10819
10817
10806
10805
10804
10802
10797
10793
10788
10783
10777
10771
10769
10768
10753
10746
10745
10731
10731
10729
10724
10716
10710
10709
10708
10707
10707
10697
10691
10688
10682
10680
10677
10673
10668
10664
10664
10662
10660
10654
10649
10649
10644
10642
10638
10636
10634
10632
10628
10624
10624
10616
10615
10606
10599
10598
10596
10594
10587
10586
10580
10579
10578
10573
10565
10564
10563
10559
10558
10557
10553
10548
10541
10541
10537
10537
10535
10534
10532
10499
10497
10496
10496
10495
10495
10492
10485
10481
10480
10476
10472
10466
10463
10462
10462
10458
10449
10446
10445
10443
10443
10440
10432
10429
10427
10427
10423
10422
10422
10418
10415
10413
10410
10409
10407
10403
10402
10400
10396
10388
10381
10377
10374
10374
10365
10365
10365
10364
10345
10345
10343
10341
10340
10338
10338
10333
10332
10326
10323
10321
10320
10319
10317
10317
10316
10311
10311
10309
10304
10300
10299
10295
10293
10289
10286
10280
10280
10275
10271
10266
10258
10252
10251
10244
10240
10239
10239
10236
10226
10218
10216
10215
10211
10209
10209
10208
10203
10194
10193
10185
10184
10183
10179
10177
10176
10176
10175
10173
10167
10166
10161
10161
10159
10154
10152
10135
10131
10128
10122
10121
10120
10118
10114
10114
10110
10109
10106
10097
10092
10079
10079
10076
10075
10066
10062
10061
10051
10046
10044
10040
10038
10038
10037
10036
10035
10032
10030
10029
10029
10029
10026
10022
10019
10018
10015
10013
10011
10009
10006
10005
10005
10005
10001
9999
9996
9995
9993
9992
9988
9987
9987
9987
9984
9983
9982
9978
9972
9971
9968
9960
9957
9953
9952
9941
9939
9938
9936
9936
9936
9932
9932
9922
9910
9907
9902
9895
9881
9864
9862
9859
9858
9858
9856
9848
9846
9845
9842
9840
9840
9839
9838
9838
9836
9835
9834
9829
9827
9824
9816
9815
9804
9803
9800
9797
9794
9792
9791
9784
9783
9782
9781
9780
9779
9771
9769
9766
9766
9764
9764
9753
9745
9743
9737
9737
9736
9735
9731
9727
9723
9717
9711
9710
9709
9707
9698
9697
9694
9681
9674
9669
9660
9656
9651
9650
9649
9648
9647
9647
9645
9642
9622
9619
9617
9614
9613
9612
9610
9605
9599
9597
9594
9594
9588
9586
9586
9582
9581
9578
9578
9577
9575
9572
9570
9569
9565
9558
9552
9548
9547
9538
9538
9536
9532
9531
9530
9528
9517
9516
9514
9509
9507
9494
9483
9479
9472
9469
9468
9467
9466
9464
9460
9456
9449
9447
9440
9435
9433
9427
9425
9425
9421
9418
9417
9417
9417
9410
9405
9404
9404
9399
9391
9387
9386
9382
9378
9377
9376
9371
9371
9370
9369
9367
9364
9363
9360
9358
9355
9353
9349
9345
9344
9341
9340
9338
9338
9329
9328
9324
9317
9315
9314
9311
9310
9309
9308
9301
9300
9300
9299
9297
9295
9293
9291
9289
9283
9279
9268
9266
9264
9260
9248
9245
9241
9240
9239
9237
9237
9234
9234
9232
9230
9229
9229
9224
9220
9215
9214
9214
9212
9211
9197
9191
9184
9181
9177
9174
9174
9172
9170
9168
9161
9155
9154
9154
9149
9148
9148
9146
9143
9137
9126
9125
9125
9122
9117
9117
9116
9107
9107
9100
9098
9096
9095
9093
9091
9091
9090
9088
9086
9084
9082
9081
9076
9075
9074
9069
9066
9061
9060
9052
9052
9051
9049
9047
9042
9042
9035
9034
9034
9031
9028
9024
9022
9021
9016
9015
9005
9001
9001
8992
8991
8989
8987
8987
8985
8983
8981
8979
8976
8972
8971
8968
8966
8965
8964
8962
8961
8959
8950
8945
8941
8940
8937
8931
8921
8921
8919
8915
8910
8909
8907
8904
8901
8899
8899
8898
8895
8887
8887
8882
8879
8878
8877
8872
8870
8869
8869
8862
8862
8857
8850
8850
8849
8847
8840
8840
8839
8837
8836
8836
8832
8832
8831
8819
8816
8810
8805
8801
8799
8795
8794
8782
8782
8781
8776
8772
8766
8762
8761
8760
8750
8747
8744
8742
8736
8735
8729
8729
8728
8727
8717
8708
8705
8694
8690
8690
8686
8684
8669
8668
8664
8654
8643
8641
8629
8625
8614
8607
8606
8595
8594
8589
8588
8588
8584
8583
8582
8582
8580
8576
8575
8573
8573
8572
8571
8570
8563
8563
8563
8553
8552
8549
8547
8545
8545
8540
8539
8537
8536
8536
8535
8527
8522
8520
8519
8507
8497
8494
8490
8488
8487
8486
8480
8476
8475
8474
8466
8465
8461
8461
8457
8456
8447
8445
8445
8440
8439
8430
8428
8414
8409
8408
8407
8392
8391
8390
8388
8387
8387
8386
8386
8382
8378
8374
8374
8373
8372
8370
8369
8369
8367
8367
8364
8362
8356
8355
8349
8347
8345
8340
8334
8332
8330
8329
8323
8323
8321
8318
8316
8310
8310
8307
8305
8304
8300
8293
8293
8292
8292
8285
8283
8280
8280
8278
8268
8265
8261
8261
8258
8258
8255
8255
8253
8253
8253
8253
8251
8241
8241
8238
8236
8230
8225
8225
8223
8220
8217
8203
8202
8198
8190
8189
8188
8188
8188
8184
8181
8176
8171
8171
8166
8166
8166
8161
8153
8152
8152
8146
8145
8137
8132
8130
8122
8114
8113
8113
8110
8109
8109
8106
8105
8105
8104
8100
8098
8097
8096
8094
8092
8092
8071
8068
8068
8067
8066
8066
8066
8065
8063
8060
8059
8057
8057
8053
8052
8052
8051
8048
8047
8046
8046
8044
8040
8039
8039
8036
8036
8035
8033
8031
8027
8027
8027
8021
8020
8010
8006
7994
7994
7992
7990
7986
7979
7977
7973
7970
7966
7966
7959
7955
7955
7953
7949
7948
7944
7940
7938
7938
7937
7928
7915
7906
7903
7902
7893
7890
7885
7883
7872
7866
7865
7864
7864
7857
7853
7849
7847
7844
7844
7843
7843
7832
7831
7828
7820
7817
7817
7816
7815
7805
7802
7800
7794
7793
7790
7786
7777
7767
7767
7765
7759
7755
7749
7748
7745
7734
7734
7726
7726
7724
7721
7717
7705
7703
7699
7698
7698
7688
7687
7687
7681
7661
7655
7655
7646
7643
7640
7639
7636
7635
7620
7618
7615
7615
7614
7611
7611
7606
7602
7600
7600
7599
7596
7586
7582
7580
7578
7574
7566
7563
7563
7559
7553
7552
7552
7551
7548
7547
7547
7545
7543
7542
7529
7527
7527
7518
7517
7517
7517
7516
7513
7512
7511
7507
7502
7501
7500
7498
7495
7494
7494
7493
7485
7483
7479
7479
7458
7457
7455
7452
7449
7448
7447
7434
7432
7430
7416
7416
7412
7407
7406
7402
7397
7396
7395
7385
7385
7385
7384
7381
7379
7365
7360
7357
7340
7339
7339
7337
7334
7327
7322
7320
7320
7314
7311
7298
7297
7296
7289
7288
7287
7282
7278
7276
7272
7267
7255
7249
7247
7245
7238
7238
7237
7219
7204
7200
7199
7193
7186
7182
7181
7180
7179
7177
7177
7173
7156
7155
7154
7151
7148
7144
7142
7134
7132
7130
7127
7127
7119
7110
7105
7105
7104
7101
7096
7094
7093
7087
7081
7078
7078
7075
7074
7072
7068
7060
7048
7047
7035
7033
7033
7030
7018
7012
7010
7009
7006
7003
7001
6994
6989
6985
6983
6982
6978
6972
6967
6963
6960
6958
6957
6954
6953
6945
6944
6943
6943
6943
6931
6928
6923
6921
6912
6911
6909
6900
6896
6895
6891
6889
6884
6882
6877
6874
6874
6872
6871
6857
6857
6850
6847
6839
6835
6833
6829
6822
6799
6793
6787
6784
6783
6773
6771
6770
6768
6766
6766
6749
6749
6746
6743
6742
6739
6730
6720
6717
6711
6707
6706
6706
6705
6703
6702
6701
6697
6693
6693
6691
6682
6681
6680
6676
6668
6663
6660
6647
6646
6643
6633
6633
6632
6631
6630
6626
6625
6625
6616
6610
6606
6605
6603
6596
6594
6593
6593
6589
6587
6576
6575
6572
6569
6567
6563
6559
6558
6551
6550
6549
6544
6540
6540
6538
6525
6522
6520
6520
6510
6508
6508
6496
6493
6492
6492
6491
6489
6489
6487
6484
6484
6481
6478
6478
6477
6470
6463
6460
6458
6458
6454
6452
6447
6445
6444
6440
6438
6436
6428
6428
6426
6424
6422
6421
6420
6420
6418
6410
6409
6402
6395
6395
6394
6394
6389
6388
6385
6385
6384
6370
6368
6365
6364
6362
6361
6343
6339
6338
6336
6336
6335
6333
6332
6329
6329
6329
6328
6320
6314
6311
6307
6300
6298
6284
6271
6269
6264
6260
6255
6251
6250
6245
6242
6241
6240
6239
6233
6229
6225
6221
6221
6220
6220
6217
6212
6210
6207
6199
6197
6196
6194
6191
6190
6188
6187
6187
6186
6167
6161
6159
6156
6155
6151
6149
6134
6130
6129
6123
6123
6123
6119
6118
6116
6109
6109
6107
6102
6101
6097
6096
6094
6090
6090
6087
6086
6065
6057
6057
6054
6041
6029
6028
6028
6022
6022
6020
6018
6008
6007
6006
5998
5996
5995
5994
5979
5973
5971
5968
5966
5960
5956
5948
5946
5945
5943
5940
5937
5936
5930
5928
5926
5914
5908
5908
5906
5906
5902
5901
5890
5890
5882
5881
5881
5881
5878
5874
5870
5861
5859
5857
5855
5852
5840
5837
5831
5825
5824
5821
5813
5808
5806
5805
5792
5792
5791
5785
5784
5781
5779
5773
5768
5766
5765
5765
5764
5761
5761
5759
5756
5745
5742
5737
5730
5728
5720
5718
5717
5715
5712
5708
5705
5704
5702
5697
5696
5696
5693
5692
5689
5688
5687
5683
5676
5675
5675
5673
5667
5665
5664
5663
5662
5661
5659
5657
5653
5651
5649
5647
5641
5637
5632
5629
5626
5625
5623
5621
5621
5619
5613
5612
5608
5606
5606
5604
5601
5599
5599
5598
5596
5595
5594
5590
5589
5586
5579
5578
5575
5568
5564
5561
5553
5547
5547
5533
5532
5532
5529
5529
5529
5523
5521
5516
5516
5512
5510
5509
5508
5490
5484
5484
5477
5475
5475
5473
5469
5467
5462
5458
5456
5446
5440
5439
5435
5432
5432
5424
5418
5415
5415
5413
5408
5399
5394
5392
5391
5383
5381
5379
5377
5376
5375
5375
5371
5365
5364
5364
5362
5358
5358
5352
5348
5348
5337
5337
5335
5325
5323
5320
5317
5316
5312
5311
5308
5301
5297
5297
5292
5290
5285
5280
5271
5270
5270
5267
5262
5260
5256
5252
5249
5245
5243
5235
5234
5234
5233
5231
5230
5228
5224
5221
5220
5217
5213
5212
5212
5211
5210
5209
5208
5203
5199
5195
5186
5184
5180
5180
5179
5178
5178
5174
5172
5169
5164
5158
5157
5154
5153
5152
5141
5140
5139
5129
5123
5121
5121
5116
5113
5112
5112
5104
5104
5102
5099
5095
5090
5086
5086
5085
5083
5083
5082
5081
5078
5078
5075
5074
5066
5066
5064
5064
5061
5061
5059
5056
5054
5052
5050
5050
5050
5049
5049
5039
5037
5031
5011
5010
5009
5008
5004
5003
4997
4997
4996
4993
4990
4981
4981
4976
4972
4964
4963
4960
4954
4952
4952
4950
4949
4946
4945
4935
4934
4929
4929
4926
4926
4925
4923
4922
4922
4919
4914
4912
4912
4907
4901
4898
4889
4888
4885
4878
4874
4864
4863
4862
4854
4847
4846
4845
4845
4833
4833
4829
4825
4822
4819
4818
4811
4807
4802
4802
4800
4797
4789
4788
4783
4780
4779
4777
4773
4771
4771
4767
4766
4765
4762
4761
4759
4751
4750
4740
4739
4737
4734
4722
4712
4709
4698
4696
4688
4687
4681
4678
4676
4673
4667
4666
4666
4657
4652
4648
4645
4641
4639
4639
4639
4636
4631
4628
4624
4623
4622
4621
4620
4614
4610
4608
4606
4602
4602
4601
4596
4596
4595
4592
4590
4589
4589
4587
4581
4578
4576
4573
4571
4564
4550
4550
4550
4546
4545
4541
4541
4535
4524
4523
4520
4518
4517
4510
4510
4503
4497
4496
4492
4491
4489
4487
4485
4470
4470
4466
4463
4463
4462
4454
4453
4451
4450
4443
4439
4438
4436
4431
4431
4430
4427
4423
4421
4418
4414
4408
4402
4399
4389
4388
4386
4385
4380
4373
4370
4364
4363
4359
4358
4351
4344
4339
4338
4335
4333
4333
4323
4321
4321
4319
4309
4308
4304
4293
4288
4287
4286
4281
4280
4280
4270
4269
4263
4261
4261
4258
4257
4255
4248
4248
4248
4247
4235
4235
4235
4232
4231
4231
4216
4214
4209
4209
4203
4203
4203
4202
4199
4196
4193
4188
4187
4186
4184
4181
4177
4177
4175
4173
4167
4163
4158
4156
4150
4149
4148
4138
4136
4134
4134
4131
4123
4118
4115
4113
4108
4104
4103
4092
4091
4091
4090
4090
4089
4086
4085
4084
4079
4075
4073
4065
4062
4060
4055
4053
4050
4046
4043
4042
4042
4039
4038
4035
4035
4032
4031
4028
4028
4027
4025
4023
4021
4017
4013
4011
4005
4003
3995
3995
3992
3989
3985
3983
3981
3981
3980
3977
3970
3969
3968
3962
3960
3955
3949
3947
3945
3942
3939
3934
3920
3916
3916
3914
3908
3907
3906
3900
3899
3898
3895
3895
3883
3882
3881
3881
3881
3876
3875
3871
3870
3870
3869
3866
3865
3864
3858
3856
3852
3852
3851
3844
3842
3841
3840
3825
3825
3825
3824
3820
3820
3806
3804
3799
3795
3794
3793
3791
3789
3789
3788
3786
3782
3781
3776
3773
3772
3765
3760
3760
3758
3756
3752
3745
3742
3740
3736
3736
3724
3724
3723
3722
3718
3715
3713
3708
3705
3701
3694
3694
3692
3684
3673
3672
3667
3665
3659
3658
3658
3655
3655
3651
3646
3643
3635
3635
3634
3634
3633
3632
3630
3627
3625
3622
3619
3605
3603
3595
3594
3594
3590
3587
3586
3582
3573
3568
3561
3559
3555
3553
3545
3542
3541
3540
3530
3526
3521
3520
3514
3513
3512
3507
3503
3500
3496
3490
3484
3481
3476
3471
3468
3464
3462
3460
3459
3457
3454
3446
3443
3441
3437
3427
3415
3414
3410
3407
3405
3404
3397
3390
3382
3378
3375
3374
3373
3372
3369
3357
3354
3354
3342
3340
3339
3338
3335
3334
3331
3331
3329
3322
3316
3307
3300
3299
3298
3297
3295
3290
3287
3280
3275
3262
3262
3259
3256
3247
3245
3245
3240
3240
3229
3228
3228
3228
3227
3224
3223
3223
3221
3219
3219
3216
3216
3216
3214
3211
3208
3207
3206
3202
3200
3178
3161
3157
3150
3150
3149
3142
3138
3136
3133
3129
3128
3126
3122
3116
3114
3109
3108
3107
3100
3096
3091
3090
3086
3085
3085
3081
3067
3066
3066
3066
3065
3064
3063
3059
3058
3057
3056
3053
3049
3046
3043
3041
3038
3037
3035
3031
3030
3026
3021
3017
3017
3012
3009
3008
3004
2998
2995
2994
2991
2985
2982
2982
2982
2977
2976
2968
2967
2961
2959
2958
2956
2946
2944
2939
2930
2926
2926
2922
2911
2902
2900
2898
2894
2892
2891
2885
2883
2873
2871
2864
2862
2858
2855
2845
2840
2840
2835
2832
2831
2829
2825
2823
2821
2821
2819
2812
2804
2800
2796
2794
2792
2786
2784
2784
2782
2775
2773
2769
2768
2766
2764
2763
2761
2759
2759
2758
2755
2754
2750
2748
2746
2745
2744
2741
2741
2736
2726
2716
2715
2714
2714
2713
2711
2709
2701
2701
2697
2697
2694
2678
2669
2668
2667
2665
2649
2642
2637
2634
2632
2631
2629
2625
2624
2623
2620
2618
2608
2605
2598
2595
2594
2591
2591
2582
2582
2575
2555
2554
2546
2542
2539
2533
2532
2530
2526
2522
2521
2519
2519
2518
2518
2509
2497
2497
2482
2480
2474
2470
2469
2466
2457
2456
2453
2452
2449
2449
2446
2440
2437
2433
2432
2431
2431
2427
2425
2425
2424
2423
2420
2419
2416
2412
2411
2408
2408
2407
2406
2403
2401
2395
2394
2387
2383
2382
2380
2379
2378
2374
2372
2372
2371
2369
2369
2366
2364
2363
2361
2361
2357
2356
2352
2351
2349
2348
2347
2344
2341
2337
2329
2323
2317
2316
2314
2311
2296
2295
2294
2285
2284
2283
2280
2279
2279
2277
2276
2271
2265
2264
2262
2261
2260
2260
2256
2256
2255
2252
2247
2247
2245
2242
2238
2237
2235
2231
2228
2223
2222
2220
2220
2215
2214
2213
2209
2205
2202
2200
2189
2185
2177
2174
2173
2165
2163
2163
2159
2157
2156
2140
2140
2131
2129
2121
2120
2114
2112
2112
2107
2102
2101
2098
2095
2095
2093
2087
2087
2084
2083
2081
2077
2073
2072
2061
2051
2051
2048
2045
2044
2039
2039
2038
2036
2034
2033
2032
2030
2029
2028
2021
2020
2017
2005
2001
1989
1984
1974
1970
1966
1966
1965
1963
1957
1950
1945
1945
1944
1941
1934
1927
1921
1919
1919
1912
1909
1908
1907
1905
1902
1889
1883
1881
1875
1871
1870
1866
1860
1860
1859
1858
1852
1850
1849
1847
1846
1845
1843
1843
1838
1833
1830
1825
1816
1816
1812
1809
1803
1798
1797
1796
1796
1791
1790
1777
1773
1772
1771
1770
1760
1758
1755
1754
1750
1744
1744
1744
1743
1738
1737
1733
1732
1721
1720
1719
1717
1716
1714
1713
1707
1705
1704
1702
1700
1699
1699
1694
1693
1692
1690
1687
1683
1680
1679
1677
1673
1661
1648
1648
1640
1638
1625
1625
1621
1612
1611
1610
1606
1599
1594
1592
1590
1587
1575
1575
1574
1572
1569
1569
1569
1567
1560
1559
1558
1556
1556
1552
1545
1530
1526
1525
1522
1510
1504
1499
1495
1491
1488
1487
1483
1477
1475
1469
1455
1454
1452
1450
1447
1446
1439
1434
1431
1426
1423
1422
1420
1418
1416
1415
1414
1413
1411
1403
1402
1400
1398
1392
1390
1388
1385
1385
1381
1379
1377
1377
1375
1371
1368
1362
1360
1356
1355
1352
1350
1346
1345
1342
1338
1337
1333
1331
1331
1330
1328
1327
1324
1321
1321
1309
1307
1305
1305
1305
1295
1294
1292
1276
1272
1267
1265
1264
1264
1262
1262
1258
1253
1251
1251
1251
1250
1247
1246
1244
1241
1240
1231
1224
1224
1222
1216
1214
1205
1204
1203
1200
1197
1185
1183
1181
1181
1179
1175
1173
1171
1169
1163
1158
1151
1151
1148
1143
1142
1140
1137
1135
1134
1133
1132
1132
1116
1115
1112
1109
1106
1103
1098
1090
1081
1075
1073
1061
1060
1057
1050
1046
1043
1020
1020
1012
1008
1008
1004
998
998
993
991
988
983
982
975
972
971
967
966
960
959
958
956
955
952
951
951
950
947
945
940
939
930
930
923
923
922
917
916
915
914
914
912
911
910
905
892
886
881
881
879
878
876
875
869
865
860
859
859
855
854
852
845
844
843
840
839
829
827
823
821
818
817
814
811
804
799
799
796
788
782
780
777
768
767
765
759
757
754
750
745
742
735
734
734
729
727
724
723
722
710
709
708
696
695
687
687
686
682
681
672
669
669
663
657
651
650
642
640
638
636
631
631
631
628
628
628
624
618
617
608
607
601
588
585
574
567
564
563
562
561
560
560
559
559
559
558
550
548
546
544
542
541
536
534
528
524
521
521
520
519
518
514
514
511
508
507
507
501
499
491
490
485
482
476
474
474
471
470
463
462
462
456
454
452
451
448
446
443
443
436
435
435
434
433
433
432
426
425
425
424
421
420
420
415
414
411
407
405
404
394
391
390
388
382
382
379
373
366
364
361
360
359
356
342
341
341
339
338
337
322
321
319
318
317
312
304
297
294
290
290
280
275
275
267
266
264
264
261
261
259
259
253
253
252
248
241
237
237
228
218
213
210
210
209
208
206
205
205
204
199
199
193
189
184
183
173
172
172
160
158
157
155
154
154
153
147
146
140
139
137
130
128
125
124
118
117
115
114
109
108
105
102
102
100
94
89
79
78
70
70
69
69
63
62
57
53
52
51
49
47
43
41
38
34
33
20
16
15
8
7
6
5
5
4
4
