32705
2967
30958
29258
32210
28504
14863
8234
30399
5718
24499
26379
14698
10448
6572
16827
7968
19338
5036
22099
8555
16809
7165
18038
14979
10982
5064
21164
16224
24748
29007
12094
11813
9895
27302
31646
24740
27638
1509
19423
22841
25665
14262
13427
12451
21122
8884
31201
17937
11128
8703
2650
16854
8270
11877
14288
28482
4876
22134
4218
2377
23032
18139
8413
15443
9687
28432
8697
8023
14062
2064
7585
20898
2188
22457
27058
27812
9084
26937
22336
203
21127
16707
15336
6731
21905
28397
18844
22081
6013
25515
8966
720
23641
4709
16893
27090
31879
16582
10833
29543
19153
4854
9390
19743
23557
31070
24092
9395
7860
23506
3161
1069
25843
25013
31237
31633
12234
13265
14546
14437
5262
19231
2195
13244
12238
10436
4689
25058
2631
3355
14238
13907
20381
3950
23173
268
4446
30542
25067
16030
6729
28505
452
3906
30530
22287
20355
30640
786
22112
31129
23938
20281
30503
27427
6956
11576
27645
20992
10498
5055
9340
1120
24135
13358
2054
31416
5995
14731
1517
22199
20852
26273
6383
7234
3951
2510
32322
31906
19472
32011
644
27931
10523
27592
14024
12461
22648
22231
27604
18794
3704
7024
3540
32371
2786
14007
30954
26796
7783
8400
30785
5669
7268
14805
1185
9235
3170
17282
21312
23683
22495
3794
15746
24232
9046
6465
14475
26722
21033
19824
19201
999
27861
19036
8150
22775
26230
1536
3891
2072
15787
21416
5988
18493
30342
10742
2596
31360
8407
9350
13729
2475
26356
16020
13088
10774
22871
12257
703
6345
29055
26198
26239
28623
14606
6538
29422
6567
19573
22442
32107
20013
6833
14442
4078
2582
18288
21882
28149
12494
32320
16773
10109
7759
1795
30275
967
20099
22342
36
2575
7959
21474
23310
18395
12545
1881
11475
5876
4428
26781
22938
12990
8327
11757
29175
27200
25877
25650
27589
6933
8228
16042
14429
894
1998
8212
11292
4700
9150
21566
21537
32331
15795
535
4375
7130
22614
7462
18477
22809
10478
32473
11982
249
11286
4433
13598
6439
29247
18720
10786
31053
22640
27887
4215
12098
22515
28038
6009
15629
26193
994
15387
16245
30559
9416
30567
16674
24840
7917
11337
7394
27403
28063
2301
30842
24407
1452
11104
19569
11875
17558
32709
5172
11841
21063
23922
16056
16293
17900
9513
24122
1255
4535
21527
3653
11720
20180
5547
14692
9524
11027
6260
13659
7377
898
2537
18583
25855
31915
5232
27381
18399
14561
5345
27424
9610
9425
13718
20587
26010
11855
30970
13290
8448
23251
11576
2108
15732
12060
8303
6228
26456
6768
22191
16520
18338
13354
29936
30972
15489
1331
7486
30239
9137
29762
24915
13793
7114
12441
18491
17737
4463
11901
24284
30993
4924
3188
20131
31687
28933
22212
3493
32279
24181
12293
16929
14845
26398
12130
28753
5151
20453
26028
21430
12006
11070
6013
21373
30747
32637
17099
31222
10638
1840
10082
28478
1322
11241
331
1894
31030
6458
1991
29021
13419
4062
24174
10449
23500
1961
7841
5507
1753
23999
19075
499
7072
24876
21701
31819
16879
22339
12803
6737
3728
16742
28206
13906
8107
15039
30318
3132
27203
3522
3787
21827
23618
19612
27438
26634
8792
32433
27539
13907
15472
7347
29822
17281
29662
20163
7764
21652
3721
32063
558
14779
19433
29517
8473
13565
28917
10359
19909
7747
3356
23843
21172
26113
873
12222
8149
118
3099
3102
22047
24303
17448
16284
28813
4044
15797
27420
7859
10601
32225
7117
1815
12556
23201
20750
7272
17380
24992
7620
19967
18995
11922
5283
10815
13445
24992
29680
16779
25909
11300
17392
4166
5127
4068
7960
9161
14039
5016
7690
20899
31877
18088
24336
28089
22111
9474
30893
26763
14124
1213
24134
32767
28334
6904
23647
192
26392
32187
17585
7016
7791
14649
5358
19622
703
32662
30215
25953
32704
19034
10108
24417
12356
26870
15166
10047
17747
27738
16795
18345
32322
21131
29574
15194
12311
3412
17431
7059
8127
2047
20789
14914
1445
24038
17408
31795
7363
31961
20907
27377
16423
23824
26058
26664
23583
20478
25634
14908
32016
21392
28598
15971
4508
16311
13680
29469
12822
26130
30575
25248
12195
7526
26511
10014
19242
27068
28842
26759
12911
16812
17657
75
24278
24007
32636
25435
7084
1639
32750
1318
13384
1727
7294
24976
30504
10504
28833
5285
5443
2165
1862
21782
29654
10640
30574
30573
21135
21619
3837
13641
32232
20602
8051
32359
27587
11117
10233
7588
7010
28067
10092
24634
14450
4084
9124
9292
17933
8229
4710
9484
26521
8177
21813
15929
15131
17837
223
27274
25389
30747
30039
29901
29992
24254
19375
1054
8522
15135
12817
20852
26157
24239
22517
26566
8710
552
23250
24491
30635
17645
16693
17857
8051
26259
7065
8738
10450
11889
8837
29502
16734
22504
25246
17293
31458
25324
8179
21828
7361
43
23199
23209
26970
19078
18770
24080
18834
24670
25357
18134
14884
12052
3178
24878
23295
19258
10375
24716
11144
10749
18837
29999
3503
32467
10068
17669
4621
12389
3316
3496
24588
4534
6567
23694
11979
26272
21617
8037
29357
2765
24770
5638
8124
11597
28934
25181
1675
12567
32414
24714
20516
4444
22980
8649
24636
11281
13989
23301
30471
11311
6772
24611
25620
4087
29342
5716
13345
16261
21296
7469
21314
26537
13657
14767
14500
21022
30343
24299
14083
25086
13757
13994
1294
31065
31161
14926
4433
512
2826
28317
18755
9260
29435
3219
24323
32494
28184
11243
2523
22403
10856
24872
16020
1927
22044
32727
15127
15025
28537
15005
30414
4649
3407
1699
22269
14911
19254
29278
19751
29081
18939
18875
13098
23506
1428
23122
4623
27191
29949
19081
9984
19676
23623
32175
9930
26633
29828
21697
30125
507
16454
23504
26447
5965
26603
5050
18052
14399
25324
14507
11831
25755
6335
24234
17243
21265
18648
6935
9243
16008
11529
27648
20324
20318
23595
23201
23330
16125
30144
25658
28539
11100
27805
24342
28937
11160
14458
2995
13669
10076
20143
4221
9620
18707
10417
18254
4975
6982
17480
11279
22072
17737
4575
32006
22814
27348
16460
46
7206
10150
13592
2403
2638
16038
22963
16965
30567
15130
25200
24313
26658
14225
15828
19686
20505
29412
31422
32057
30569
11627
6676
21080
22064
5485
346
3183
8944
26441
14377
10416
4331
31631
13111
13690
13464
12431
16026
18813
31945
7173
16607
12697
29254
9831
28757
32483
12232
4783
27976
27384
6690
1385
30140
12181
11190
27859
21633
7293
32627
32388
18995
7450
13280
2767
15379
12045
22789
4851
24502
25367
11667
20247
18801
24591
12270
511
16923
21303
32562
20830
12382
14142
26219
9257
23697
27227
11756
4357
12851
27533
12286
27044
21472
18199
1161
6880
1867
1013
8212
16521
15139
19103
14799
27747
79
26734
13948
11331
15569
2113
5452
19963
22628
16693
20885
14545
32408
31338
5970
25853
28365
9970
1058
11941
2598
1277
18564
6144
1567
31113
19597
4090
12233
32150
12540
7708
7157
5470
8963
18015
22095
8158
22079
3695
14292
4307
26351
5632
7950
3485
31145
1150
16301
16183
31151
1988
5401
30571
21973
13629
23621
23690
8716
29369
29777
8424
11914
15255
86
25452
1394
13807
447
29475
10347
21439
23902
785
1262
30402
585
11902
31276
14915
15892
21358
1502
3545
19709
19766
26293
10538
10014
25623
20243
3153
16074
5755
14306
1833
27371
10314
27086
29857
12287
15236
7821
5845
16736
9052
19375
32355
28309
13089
29898
6808
11525
21119
19038
7710
26950
12615
21230
20500
5978
24180
20458
18693
6949
21753
28771
8090
32080
13645
5666
27057
15666
21220
11600
374
4910
24172
15625
14254
23843
20085
6823
514
5082
27799
27381
22035
12686
4436
18955
28415
22641
13671
18751
28122
14341
7785
22640
22430
28605
10890
5035
1182
16808
10502
28813
30262
8849
6162
7627
16837
6676
25946
6824
16763
17068
24811
12014
11055
28185
30451
4122
25124
25151
16133
10256
21414
31495
20324
815
12472
20897
30520
11294
11957
3891
15386
8718
29618
142
5751
6296
21269
11174
20642
27467
26074
30144
21020
20166
31119
25721
1608
11446
13027
4464
32047
22677
17102
13480
20566
31236
18246
3303
26444
29722
32466
16091
28112
10773
4318
13248
16713
19939
12244
13636
13273
2766
13978
25450
26987
17773
7875
19664
11512
32111
18924
17143
9916
14547
31221
25647
30566
28951
29124
12333
6568
4043
32679
32492
25538
5191
25640
7482
31809
15271
1664
31168
31220
10553
9053
23996
1156
11817
11715
10240
13578
53
14056
4707
17429
24998
7509
32162
17888
14883
28705
12908
9056
19506
894
4597
16961
5248
694
13368
932
16433
31439
27211
2082
10176
719
11628
21320
14779
24158
2947
650
21846
17057
32187
8635
9248
3303
20977
17085
15903
2302
8533
3897
4606
280
29841
31325
3583
15043
7336
230
20464
18630
30105
13666
26826
17157
18033
32300
19513
20221
803
10565
8562
7550
27083
16386
27810
10295
23023
5896
23970
1241
30313
15953
28357
6811
3332
16185
30508
13264
18898
21595
27003
25438
28141
2276
22572
2335
2079
32367
29478
6885
32154
23949
29899
24577
11206
854
17411
20042
2181
404
27079
23429
6023
27193
30996
16298
21118
29938
24412
27703
12154
17040
17625
19462
19195
21667
14347
7304
32472
26248
7008
6503
26920
30233
12648
28138
28715
16056
17324
30590
18248
4382
5383
22854
20814
3639
2992
9084
22843
30931
9124
6969
31013
7291
7609
31163
8457
2371
27204
24247
2583
13075
20116
3843
19204
20623
11884
31793
5814
12380
2210
876
25758
30228
18578
6898
11484
20636
27371
8931
5905
13777
31375
6086
31257
12212
1166
15471
30248
32562
20073
11187
12972
25632
20289
26004
1615
23195
6835
1577
16683
3166
15648
21874
27642
13758
10462
11381
31285
2163
30165
15811
3338
21757
21445
18432
17020
11951
4840
31552
20252
22353
12219
21962
2224
11350
5247
18943
12979
14193
795
11216
14944
20729
12603
21494
23480
22299
22712
20780
25883
9482
22618
13046
4897
6109
294
4337
100
19948
26973
10871
6149
17257
16991
6716
169
4657
8760
22375
669
23958
21096
24118
24217
27377
5564
13667
15266
18584
11629
29261
29925
10579
18587
24761
12936
13048
2124
23416
27913
12882
30355
28057
3750
21960
524
8947
17629
20461
28871
21679
2841
29090
32153
3385
18183
17605
15766
2790
9469
11111
9805
20645
15615
19690
25625
28626
25599
22156
20790
26223
15268
21675
20516
13342
21887
16444
17546
25202
21424
595
16351
29248
8063
4019
31841
4239
14548
4352
13595
12007
24702
19687
28691
10508
12111
5676
26134
3085
25356
21212
14943
22782
20640
27162
815
9160
27106
9459
28777
22152
8548
29109
23863
25913
14601
8067
30464
23974
27597
5666
24912
29537
16314
27143
11401
3877
3780
13623
24969
4986
27888
8239
10769
29171
17526
27332
5425
31995
3166
10141
24969
15194
14734
19991
32107
20466
25145
11500
586
369
22215
27612
3010
12365
17149
17810
20861
12567
5841
14552
17677
6734
9576
28835
8377
11734
28491
724
18779
13301
21872
30937
10094
20382
17113
4824
31541
8880
9046
9278
4856
9656
3818
32639
4271
519
20921
3405
31470
30992
24879
2450
10015
14105
7651
26871
20199
28417
1692
10289
19737
27946
9307
1436
25356
24460
32358
5565
1896
23844
15928
31407
20062
17686
31446
18983
3636
18728
15738
23659
16693
11130
13242
17714
6508
12463
22162
17159
22438
32555
10489
18932
1221
26201
7776
20792
26301
14131
10627
5212
20861
9950
27365
16115
487
10349
26664
25876
14458
4531
10764
12563
30442
13256
28151
12063
23513
17778
31532
12796
27444
27087
24921
25444
1434
5294
26488
16199
29076
24327
32389
9170
23901
20087
12579
11769
22130
11596
2113
9290
10987
27375
4128
18501
19859
3467
17190
6931
11061
24289
13405
2970
26384
7850
2024
21606
13313
20639
12362
3626
1704
19226
27006
31540
25502
21526
12191
17560
8828
14620
2196
26469
16847
12246
26644
16568
12046
3249
4268
12500
28352
18209
31806
7509
31139
27580
11290
10506
6076
27793
30615
1177
13990
906
12136
2270
22518
3942
7963
32289
20169
11648
28362
12723
108
3744
760
7407
23927
3307
26828
1238
18377
7020
408
22702
23434
6077
8345
24377
21796
26132
29243
22039
15484
18444
13665
10573
10364
2066
1102
15460
2578
18742
8879
27905
2232
12529
15973
13758
10049
18726
14096
20949
5417
31399
11798
22668
32349
23165
2657
3419
9617
9889
17852
28339
26948
9049
25188
23933
252
28640
4708
14102
22793
32341
12865
26970
20501
24218
3278
17749
4712
7087
22874
27271
4658
18916
18981
32479
9056
7419
17033
23130
28779
10075
8381
4855
14925
19090
31083
32571
14762
2714
19786
21448
11495
16692
29950
10712
22227
4431
7727
30281
28216
19350
13782
7959
21849
643
8400
30453
31559
15353
31409
20819
31085
7242
2506
20999
7541
14247
32473
6926
105
3169
25076
31930
27986
16451
3642
11768
11357
23412
19533
10118
27826
26146
28696
26725
23679
17256
12102
18630
4761
14287
19422
14579
5304
27989
17600
24597
21478
22340
21183
10957
8955
11883
18449
4416
15639
1390
20139
3953
4720
18247
24222
11285
20748
2688
10310
11755
24842
4153
20058
13420
28605
5476
8500
14814
31129
2338
14153
25056
24806
18404
30508
13155
26369
9253
11679
28934
658
4015
27860
1625
24696
12546
21858
28863
10574
2068
10471
5987
2554
15002
6233
19581
28669
9380
10529
30809
25101
27419
22422
3724
11130
30723
18777
18525
8060
13805
12012
11638
28434
15118
17506
15677
12768
12878
25920
31279
89
3589
8853
7526
27455
16259
31798
3840
32650
26391
18522
13569
948
19884
13502
23079
25540
1184
278
28719
16395
12361
24951
3243
32390
25315
31259
8431
20324
25759
22573
4646
11484
24488
26082
31972
737
21296
5321
29162
28169
25011
32514
14430
19524
24744
31288
14486
18093
25831
8563
15187
5026
5969
29762
21472
17240
7067
54
5378
466
18423
19804
6122
22731
20804
30556
29641
27408
5260
14836
30347
20871
12545
593
25147
17347
26024
8527
2850
4534
32621
30548
28267
28923
9197
22113
7236
23830
3169
32026
25560
16839
12427
20842
12191
9920
20551
6816
13793
4554
16417
28429
24718
19215
30525
6186
6458
3042
30392
28840
22026
585
20107
16581
1555
32636
17680
21136
9852
28774
22666
9883
15419
1063
16980
24656
19701
8134
19667
24250
14408
14834
25511
3916
7171
22630
18830
10647
19499
21231
5757
6040
23016
12786
19103
17679
4839
6743
29998
30621
15612
27303
12914
11282
4756
26292
2448
6854
23700
13653
630
28211
8104
223
309
26781
16670
28704
25272
28406
4083
29671
3715
22506
6435
6114
7449
32514
10132
5048
18531
14329
26082
497
12044
5490
4424
20812
2321
304
16614
4330
8261
24776
12177
11
29469
12954
17675
2288
31959
24487
32560
1214
30177
13922
6321
12575
10356
11179
10410
2346
26145
12545
22846
14910
6552
7257
24181
10565
7045
6042
13796
19154
17383
5590
14212
22778
22717
10793
16722
4555
23114
23391
28708
10397
2701
28508
22058
9411
12928
16899
2030
17615
20044
9422
2986
1871
8632
21881
14207
10795
16482
32684
13685
17060
15539
14536
2635
1117
19379
30476
21219
23924
6997
18362
17207
28540
21809
15465
18164
24138
3346
17038
17479
25268
22529
19201
821
18449
6253
30983
31279
27617
13038
32330
20694
26375
16487
23192
28653
30570
7387
15312
5877
29950
6386
998
11150
6031
24219
22167
2916
308
18036
6609
16059
8533
1208
27372
23958
16560
11754
3386
4890
21248
29652
14248
5431
10441
29964
9683
30307
3739
10266
28583
3951
3827
18497
24990
7252
8828
19465
15516
31796
23212
350
1538
13554
16923
13263
4997
21405
7785
21165
6904
12673
20822
6858
26273
31436
5554
8050
16538
24563
803
11503
22597
24441
15925
14029
7842
16301
11386
13264
23184
21478
32408
26870
13085
28752
26358
29513
3486
23136
7187
21551
13507
14117
8400
1319
8132
21717
13332
17872
8427
32256
20516
10119
20728
26533
22257
15834
32562
26491
6753
5723
31472
21366
15275
12709
31990
9189
22038
1052
352
7088
28481
25377
22836
16507
70
10316
28175
30296
21509
27241
25155
27100
15797
1074
11163
31051
31415
10064
14755
17089
16946
8294
24121
18773
16610
3201
13065
13743
21160
24748
3792
9452
22703
230
11833
17457
8716
2890
148
7642
7102
3762
6411
19431
28789
27689
9556
22002
17095
29830
21136
7340
15252
17616
26986
507
10722
23468
8930
29259
30518
6466
1857
4395
26833
3991
23138
10179
9400
601
19832
10484
23239
4898
18313
16308
4025
25784
13215
14220
1439
10582
6707
24555
30091
15468
9505
14758
24958
28296
23491
32027
11029
18370
24266
20410
1592
4829
3636
10309
7414
31290
15868
4064
6324
3699
24537
24859
21078
17497
25057
7607
11544
15917
16699
20856
16828
15798
14379
25696
8616
21130
11041
16082
9512
12334
16687
15498
14015
28414
7923
2259
3800
18061
10735
16810
21603
19720
470
16481
26835
5643
30108
4042
18209
27536
32553
11995
28125
7775
14130
27706
2352
31779
15222
24047
7394
31666
13404
16302
2699
30626
26309
11846
11973
10046
30665
31235
13638
16328
10976
13855
22816
441
16816
26499
28006
29742
11836
7068
24817
6222
24672
29545
17802
14679
7463
14884
14249
32153
984
31673
26367
4586
25739
5705
28191
2913
12379
31030
28539
15943
17860
2705
3764
1689
27151
12708
24272
25632
15925
13600
29934
28133
3555
644
31158
28041
29184
32720
25845
16760
25624
1105
6492
5171
31834
15810
16965
6868
9686
24617
29619
4158
30334
7074
21348
30906
10218
16708
4532
732
32687
28654
16078
28551
13558
16550
31879
21772
17167
19586
6702
27009
26264
24199
8582
7476
32268
32285
23193
20480
26261
1398
12809
5103
24801
29974
6337
29605
1207
24211
8677
5196
18957
22334
1289
23903
17680
24511
6764
29115
2255
32299
24723
3032
22905
20114
7374
24644
19668
13534
12258
31272
3387
25371
17016
1873
4969
749
27433
32492
25871
29309
18290
18225
16469
22120
3758
3853
22265
18135
2030
30630
20588
7708
24600
28290
18556
32566
3358
29650
14047
6352
23621
22547
28525
13361
8075
5923
7980
24270
20438
15511
5951
25201
14925
14942
6334
10561
10681
1311
23593
21654
1152
6905
10542
26126
19631
14411
32682
4217
14115
2559
29318
3648
13984
25117
687
21075
7287
28603
11752
370
5096
505
20231
9539
29971
32610
6718
11495
15937
17538
2268
31250
4447
13141
12377
19808
2052
24576
27173
32295
27089
14467
15887
32638
30592
9417
15606
3219
23751
17394
3429
3102
15509
6087
12280
6942
32067
24869
2608
5925
18939
10753
19595
22833
19461
31694
23058
30369
8795
8688
19028
2939
26359
10138
13248
22374
10000
11834
3860
7924
19938
30686
23438
9560
29100
1595
23479
29862
5220
24350
21461
30319
12498
27960
10652
30660
12817
17963
24969
10962
2495
4006
8279
31626
30827
3761
24578
20335
8034
1913
23649
14717
2737
13977
19118
13719
5183
2814
21055
22509
17776
25080
1753
19805
17847
19706
29826
13649
743
21313
1323
4837
11724
26088
3206
24073
16484
5448
1970
5016
1206
3258
24873
31436
10531
4295
9594
7581
31819
29850
23970
4991
8868
31060
8114
10827
23688
12462
9533
2517
21504
7419
23930
4968
12196
25738
31624
20236
20524
9549
8743
22611
31846
24488
24735
13183
3099
24140
4404
11607
28686
23708
22483
9917
6879
26843
12674
30753
28789
28255
23824
1573
7248
8533
3503
3228
13067
13896
20495
25823
6506
15980
19915
30678
16690
3119
1779
23458
13321
30502
3286
25266
22631
11627
2096
12400
18425
22153
25812
15928
1838
9276
6715
23028
25725
6190
11765
31454
19205
30602
24939
2770
5615
13649
6793
20540
25229
23076
11040
1420
28847
5024
3449
18733
28644
6071
16689
21480
30115
19232
24096
23963
2228
1302
15243
28811
22627
4889
11389
6479
22918
9134
4841
15284
24881
10767
30225
29959
29554
6455
10355
16674
17597
31352
8967
21387
27055
11606
9668
13346
585
21085
10573
22340
24452
1526
31926
25424
24477
6800
5079
17399
19854
21332
21136
18264
1785
1150
3559
5584
14936
15975
5158
5398
10022
22981
18292
14455
11428
6987
7421
18886
5758
27563
20206
9832
13741
14143
20988
9308
19669
27770
25351
3099
28013
20253
16574
13426
18820
13362
25246
13923
18137
3896
19231
3429
3307
27363
13946
24691
31405
11957
14473
27860
9740
8748
16820
21315
9832
9377
25887
32556
16956
14242
12487
3975
16251
29798
2611
22411
15155
12292
820
29717
14985
8589
3390
7730
16928
29725
21308
20714
21457
1445
18482
9542
26326
13245
23077
25005
26282
20072
15977
13514
25402
21026
2771
30009
13844
4625
29034
4008
10518
8777
10947
7659
2499
6762
31995
4221
23560
27312
8769
10472
27724
20168
27255
24620
17921
16791
30443
30517
4636
4586
20426
31923
7513
25410
16586
18040
6573
25144
28905
3773
23554
25662
29116
4025
4016
14864
20088
30278
10094
690
20778
15159
17458
2374
163
2887
15077
20264
3516
25133
5608
30764
15413
3692
12231
27948
9495
14379
19377
1320
25366
24217
18786
30048
4915
19784
30481
21629
32520
9927
8252
7359
6653
32281
23627
31728
28074
31286
7572
1721
6513
1086
23757
16504
24034
25438
23787
26899
711
3582
24291
16341
5771
14580
29062
16871
26678
3240
6958
1991
28170
11854
9578
10241
6405
28425
3504
26305
9846
17909
13861
23489
11963
19965
17493
23138
3631
32624
21589
26499
7851
15146
1749
15197
12490
15679
19508
6026
1891
12562
12909
14059
20789
12318
15960
24277
20183
25151
22966
24338
16073
10419
19824
17547
24356
31180
24453
14182
20553
13426
1583
11017
7496
9073
30717
9411
19950
4977
9544
27422
10205
19956
7201
1701
2566
16185
3406
15372
5411
20198
8213
7917
7061
7459
12594
7910
25390
14866
13664
385
3577
13016
20178
27068
4717
25284
1605
15767
10732
4778
6275
4996
31593
28229
20307
29529
11881
5076
3899
15693
20578
6514
13820
31811
18833
2899
8780
23147
23829
22658
7004
1562
17280
24813
12035
16250
1489
585
22257
14758
26151
25471
25980
20244
25224
5202
19402
22988
4439
11099
5329
20958
28739
25702
6153
9481
12449
30305
13055
23223
25821
13127
22414
20406
23615
24852
10823
21872
24332
13788
8235
17350
6366
14738
19329
14300
10647
6487
26711
932
21384
22645
1899
22291
32125
22476
22686
5589
10028
25810
24512
29856
30985
1273
7193
23424
27346
24162
20629
3647
9978
9102
7256
32334
30503
31109
18638
26977
7371
1543
22887
17262
2192
438
6152
31572
26349
9741
16390
30959
13837
22873
4965
3830
25623
21280
14078
13936
10903
17878
6022
7368
22291
30774
20097
13365
17794
5094
3005
28507
31881
24013
4652
17926
29818
15668
18905
30808
3965
603
23463
143
26051
6465
11271
8220
11580
25284
21605
4439
910
5449
14422
23177
30868
30779
6774
2776
15684
1627
5609
12306
4831
4393
19398
23986
32552
15773
18470
3291
23036
25279
15973
31206
7838
23250
21997
4081
17810
16805
32173
17186
14209
9596
4817
7687
31314
16505
8364
13128
30564
825
20100
3875
6746
13414
28426
13773
31798
144
8971
704
16369
5658
12751
19655
20111
22430
32289
138
5889
126
8096
29103
23667
16189
1383
32316
20434
14727
27915
14901
7802
6047
8288
11447
16904
19430
15193
3476
11936
13678
26250
11507
15748
27962
6813
30288
22738
3856
1227
26430
29394
25486
19806
2051
16683
11771
31620
16152
30522
11763
1863
27372
29576
16329
21997
4185
2602
1449
21380
11821
18023
14418
14580
23207
12308
19302
21552
19776
118
25692
6599
9046
11109
15058
2369
11047
15955
23524
31504
13481
31442
19739
17503
29870
32713
6065
6553
26954
16311
19306
27473
12191
19049
27731
24086
17401
17091
18750
15327
20408
26911
8516
10772
11216
4434
18230
29507
28845
8236
20914
18662
11919
27089
29525
28102
3871
1138
8143
28962
12122
30983
3231
17456
26301
17203
4817
10185
8690
28022
31660
2828
26679
9397
14242
4737
1617
3379
16462
27976
24161
25368
2732
22532
15977
803
16363
10836
15294
29687
12035
16905
32537
27324
2349
4518
650
30450
20097
17721
31963
20416
5947
32343
14177
28827
554
24743
17636
915
29584
17974
13023
5610
24026
26835
18484
9141
25986
2788
18397
23522
32246
31864
31684
12252
18401
9449
2184
18325
21785
12246
24849
28595
29032
226
9579
29037
19660
5949
18845
10275
26845
14630
13700
11483
244
15615
18342
5123
29517
6516
12649
11372
14407
32613
30178
356
31236
18896
9373
24749
21883
16063
3758
718
29265
25873
32159
30173
9508
6844
32351
26980
26706
14679
9049
506
27976
23996
6402
7509
25415
30089
7660
8181
26892
22254
29441
25410
17405
22355
19791
22801
17717
15427
32091
2525
18391
17431
924
15385
23474
11381
2114
28950
9346
1659
5321
18565
14915
20977
21349
14175
25046
25477
29721
18219
5647
23444
30736
10271
18501
1326
20869
13776
13818
23401
31022
26499
6298
28488
3524
28790
30892
15128
22713
32085
7821
28940
29667
27640
10102
236
23705
28722
4433
4828
24107
31003
6404
7288
24984
26611
11685
28536
26439
9816
10982
32752
4763
15233
26655
27256
7389
16408
11458
10813
18640
11333
7993
9322
25834
23887
15788
10100
30281
22373
20760
23230
11740
3213
8307
12839
22139
28633
13945
8100
8282
7674
17369
215
31183
24988
1288
8153
9104
90
21864
17086
29797
25809
31351
25660
15384
7119
25820
27732
12734
3938
12007
32311
10714
22462
15404
18793
22685
20032
337
16324
32295
31544
25527
12180
19118
7588
15869
27179
22736
26889
29006
2285
14245
21798
27577
7118
7307
17301
16621
17797
16314
32089
10396
15669
3292
29407
27126
16439
3764
27565
24593
16213
16988
21716
31387
2981
13902
25154
7763
13151
20836
21694
25072
7114
3147
12182
29269
24186
26640
7283
31289
24091
1211
15546
2776
6384
27256
4724
14041
11258
18978
17005
23037
10133
27639
28208
15261
24403
455
22979
12282
222
17525
3366
2975
13588
22952
24376
8028
6270
7232
1319
28292
24214
27092
15412
9461
2455
23743
19788
23071
18619
6000
29383
13547
3448
26813
32583
18747
5847
7180
5114
22800
25782
7369
1713
2023
9499
16623
16469
16533
5550
32402
20002
20345
12426
30364
17165
23761
21689
3935
17117
30176
27700
2712
10514
6261
32531
27128
16772
7318
27609
18273
29268
14957
29476
24324
19505
31952
29976
12640
13842
32652
5543
9434
5003
23977
11911
15997
10577
10291
26000
3768
28850
27590
24600
683
29354
10045
29329
12395
6595
452
18092
6800
16376
25249
666
6203
1371
23250
12118
847
3778
12860
23670
25517
5928
2170
9531
32599
22564
17899
26483
20113
15848
29961
19557
18636
8787
16800
15492
18412
13506
23912
7629
21991
27132
29701
8582
11001
7691
9556
25270
18881
27308
25067
24384
14530
32116
30074
19997
6032
9819
22149
1749
14718
13287
16271
30133
29791
19793
13432
30046
4744
24862
7439
5848
27384
31657
26027
5292
22721
3109
10836
19989
27418
15674
18521
27197
3300
8861
14267
7204
13678
77
32012
20548
16388
27859
22242
16163
26304
26995
12095
1194
2923
23241
3899
10765
4240
7947
15056
27798
8978
4134
28915
850
19766
22907
20584
1590
7348
16119
5835
11812
4089
22483
10015
14987
15087
19370
14929
17072
27306
1749
17669
8975
24845
17169
17278
19835
27735
31816
5476
4563
31210
4636
13627
28067
2761
15762
31183
22719
2013
29403
22374
17874
3191
7327
20823
22732
28158
5675
5047
161
28160
25045
2347
3909
8034
4619
27525
11538
7156
23567
8511
28853
7128
22965
14964
25701
30915
30889
29261
25724
15427
7892
4888
19723
13396
12449
18115
20255
8327
12954
25468
7869
10153
6799
23740
25192
16801
25096
21367
27246
5806
11989
22696
21263
12781
29894
19159
12698
14246
13873
9888
31837
1220
9456
24264
29367
5229
15074
26940
15562
17127
112
30536
16077
24959
3129
16283
3904
23806
25609
22637
829
19621
16149
13382
10361
23839
25158
6606
23819
16604
32133
30247
6505
27760
26812
23195
16379
16056
28586
22236
15592
22006
23038
23856
22728
26635
24628
6066
31387
5005
25675
16910
26905
2159
3267
1057
23698
19101
18407
24156
5441
12404
23764
8140
13375
25836
26425
5163
24161
27168
7064
17229
9640
32276
5077
16050
24226
6821
1377
30588
8423
17978
22897
10867
14936
1823
20945
11530
2433
17682
31208
13930
7732
9141
101
5397
24297
16758
28129
5902
16491
2173
27498
21024
3667
4470
9235
6077
16654
14311
17105
19763
595
23962
21990
3304
30844
14345
13110
20778
15724
18796
5970
10765
27521
8687
11527
131
20171
5537
18380
25673
12821
19817
24111
9132
10591
18541
15460
5283
9687
29725
20004
24985
13165
26482
14504
28959
19056
12357
15795
27844
22741
12461
944
20094
30239
3807
9501
25249
24704
8139
31780
28937
12280
32712
18856
26244
14247
932
20306
18830
24169
1851
22746
31540
28498
17840
28332
13239
3992
25077
24127
21729
13544
10667
21345
12010
12017
1301
25427
13059
18830
16427
26185
7008
28063
3081
31052
17715
26194
15860
14813
13929
31569
24201
18315
19371
6159
22796
20439
2427
11945
8375
4795
173
13292
7596
19245
14275
2400
11888
27485
31322
29625
8031
24164
16737
28562
6454
29710
7014
4399
444
2618
10033
14394
13381
25307
29607
7953
22499
21825
19495
24778
8393
17455
5520
16118
13937
1836
160
23476
24666
31550
23240
12539
23831
24847
19776
19225
9576
4204
26809
31436
12436
6349
30445
2770
11996
11134
5863
24885
2763
27745
29526
18194
4374
5962
13237
22605
31257
13387
24305
21487
15008
4364
28953
29486
31261
10432
12518
3
495
6261
20250
306
19510
9932
24597
15665
3759
11161
3665
1255
7038
6642
10100
28365
11749
25330
16703
21383
29846
30288
20647
22612
19243
14158
8052
19777
1628
9128
6735
26478
8930
22650
2326
16141
6034
6215
710
24085
22397
5340
10363
25765
23786
16777
24620
12769
21469
10057
24015
25629
26607
13203
7351
26407
30336
5978
14312
14577
4734
23951
12415
32290
3644
9872
4214
32583
26748
29306
19463
4027
31722
28688
30239
8969
24609
27487
167
8342
31503
24578
28997
6457
4566
17932
23859
28442
14829
19562
438
9179
20825
31763
6666
9327
17663
24148
562
18556
7596
20987
27534
4738
16859
12906
4151
14127
3088
16994
30963
20243
2391
26979
912
8051
24158
17253
19407
19608
13135
11045
15198
18745
6924
27249
16227
12507
22077
10
21462
12811
8992
20865
12579
6049
3920
27656
8167
16665
3523
21180
2787
29365
2788
7945
16406
733
10169
14413
1159
3836
3940
9953
11344
29070
41
8938
25643
29381
15939
19194
4045
11301
27054
22340
27242
10133
23456
11402
25798
23017
1555
8453
986
1455
17404
10712
25834
7019
27023
27466
7611
8240
3379
15569
31809
15571
6982
17060
16079
23765
29374
28462
21782
16253
26791
25458
5583
29261
31047
26236
11158
11467
8239
11293
29000
24502
25350
22104
24509
9924
19262
30250
29840
23311
26757
9961
10635
3159
19263
16986
24709
25001
17532
27875
27117
32132
9377
1570
31223
8076
23212
8459
4596
29436
18841
31852
13861
5143
8555
10452
8695
11106
2022
16468
30715
11888
24901
10422
29938
31754
16686
27528
24773
19607
31376
12421
6564
10989
20026
29113
21395
2943
30436
10526
5891
1657
7943
9816
1624
10392
28271
25566
21945
7538
20136
13306
16486
10515
31508
11857
4896
25649
877
16339
29882
13406
15414
22163
32369
1947
6211
13133
15396
9426
31744
812
821
16502
18217
12777
28926
2423
1958
26997
22630
19221
10311
5243
15248
7996
24706
19220
22790
17953
24585
4549
28639
20661
24926
5433
7049
29831
3510
139
30714
32548
19591
22268
4050
31531
266
25220
6389
21510
7750
15695
16861
26196
12867
28106
14660
25726
15796
16434
13896
23027
10784
17508
9233
2815
16427
30599
27776
2241
136
11109
19964
12785
2193
15202
18191
21321
12285
21023
17780
6857
10037
14205
18093
18497
17814
21708
22181
3431
3718
8956
11566
22841
21437
25288
24406
20160
29857
9536
10734
3434
25551
32237
9244
29381
4153
12192
461
23007
29784
24755
24736
1461
20041
23981
26176
11954
17763
12875
1319
2717
27779
17487
25295
9131
140
4518
1433
8227
31626
28913
14689
21874
23417
6661
31653
20570
2679
16202
26656
16628
468
21752
2432
21573
17510
24727
10283
20398
24929
27749
7099
12371
18644
2594
5929
23147
31143
24726
26566
12238
14767
26750
30756
22316
17729
21469
262
21202
14315
21961
11740
2563
30696
22542
14949
27578
19104
1184
313
29396
598
6957
24594
3158
14208
25462
575
10165
5244
31004
17403
28775
22109
10363
24360
994
18037
26453
11730
32041
18005
7638
30052
20631
6391
11208
31023
16554
8720
6862
7123
31658
32656
4923
18997
9290
9773
8751
27721
25347
613
25296
28260
4745
7460
27517
9626
22706
27728
19981
913
19279
28057
6368
21987
24456
2978
2998
6478
6770
28520
23036
3350
17611
11287
23301
16991
10631
10620
23730
30722
31884
2926
273
18032
7653
20650
4757
20283
19529
10252
26849
26786
58
14718
10256
3752
30523
1329
29281
31759
32463
14
16813
31493
10958
29243
14700
8378
13283
7412
4018
11837
25797
31523
1526
31852
29262
4347
3810
23529
15425
1869
4520
251
11987
19853
14522
25907
7000
1929
30601
28390
31053
28906
14770
10560
21318
23707
8111
17380
26898
22604
16793
26503
11703
8092
30100
1771
20129
19945
10355
18800
8138
14291
13125
11751
14262
14685
14460
4361
16101
21060
10592
1521
13702
11483
8137
31017
19017
16059
13462
10639
10657
14592
27015
31890
11400
19922
13260
20876
23863
28437
9947
13925
28888
9578
9058
9179
16532
29335
20143
747
15817
4626
14523
22678
4282
31021
20710
19500
10605
20387
4110
23599
12531
21079
6013
20049
30811
18394
31780
26487
1879
6942
263
11175
5099
23112
25650
20142
15917
7476
24523
13517
22003
30552
22875
8397
19544
24983
10686
8342
1545
315
1718
20530
21954
22382
6422
6182
16491
886
1495
17214
17132
25427
32196
6870
10578
2817
3356
31349
20501
19958
8433
30712
31624
31211
25755
13801
6527
15203
10822
710
25245
29229
9078
23203
18286
16915
12743
20126
6747
4605
21424
3013
29502
8218
10381
3857
24800
24906
4530
29423
18641
25920
27861
19792
29183
15201
14497
3667
12827
23060
3149
17698
23681
24412
21169
5986
31563
16661
9274
5328
3458
47
25834
26872
10440
1408
22752
913
28855
7018
32304
24563
6863
19300
21082
21250
25422
14212
29609
2317
3983
6485
28233
15216
22942
24870
22864
22709
2108
26503
7151
6165
13530
3175
30483
21142
5898
12035
12404
25160
15455
22255
4535
23725
12791
29336
8110
32260
30428
15172
6787
24944
24083
27457
13950
14760
27856
31302
16536
29815
26511
14209
9252
587
15697
26971
4207
2258
13366
30569
14657
1954
19955
23178
24470
18856
27368
22998
10989
31651
20576
32695
5208
26230
31460
24880
21858
14017
28286
19078
32136
11562
31738
4558
2277
15966
12208
3866
11350
598
14932
1626
13090
20254
23168
25310
6868
4498
11377
24294
8479
14622
480
26141
15511
3528
28460
24274
21984
2480
12352
26260
14657
1582
24499
10617
8042
17373
4110
14421
9918
10054
12731
17572
15918
2286
26082
6109
2361
19333
22713
8065
32526
19029
15118
17497
201
22907
26179
22181
16710
13212
922
5705
14750
26175
27395
23514
30859
5855
26069
24450
4992
32532
10951
7128
11601
24714
13150
7825
31485
12239
4718
20233
8470
1231
28109
1001
21086
19446
20518
5870
13888
21469
10676
12997
18645
14813
1173
353
13718
12585
22388
23597
19739
17531
16785
28525
3121
11048
4163
23584
30906
7874
4029
4917
16433
31857
12076
14936
12089
31631
15640
12465
22262
21944
18810
16768
27354
27034
12103
15055
7316
24427
6419
28584
16548
32436
12671
24243
22364
3497
10863
31152
21338
31262
28368
24258
25215
20623
10923
31674
5527
11701
8383
12049
15167
17613
18482
32163
32266
28089
12359
22816
26411
3412
16043
10909
29885
27786
9770
14681
14373
23518
5868
13512
23313
29294
14863
23961
5466
32427
17523
4953
22092
28664
11410
21006
14269
4277
13681
24538
13880
16002
949
1829
24083
25613
17612
29247
22839
27068
31756
20055
3044
20092
29679
8338
11663
11511
17050
20522
10938
22861
2937
30071
31013
18537
5381
8008
2175
30007
6243
21181
9721
17905
29405
22393
32571
15067
11460
8616
17396
9119
20739
26313
26810
22363
18035
27404
32465
1570
21699
30573
17259
32514
5409
24712
11073
30686
11616
21718
32569
6387
6960
10838
16272
14332
14720
14816
23024
26127
15878
7554
30038
14047
3856
15190
12500
27158
32251
3823
9683
27959
4874
8447
27775
23005
32223
31625
3732
20359
830
13092
8371
4735
8842
22162
22973
12561
1801
43
11322
13242
6781
24337
30325
13802
21507
14897
15778
10395
5636
2592
3474
16953
19065
32557
11853
6720
1993
15170
9649
11487
2120
29299
7915
10026
22778
15317
22118
25006
10840
5701
14010
11687
32670
10005
12183
11050
274
1917
29586
12222
16672
30313
4872
8163
8438
9442
5058
30263
21429
16750
30823
22241
1148
13001
29092
28263
1555
8120
9635
8804
6661
26052
18985
4925
21570
3653
29
15263
29513
28905
3150
2687
21700
12082
16333
1696
4431
31843
7659
142
3638
14821
7105
17123
5265
27312
6393
24691
30093
22304
9046
10271
23776
16702
30381
30682
12394
8739
18362
22878
31480
20738
32056
7685
7799
17722
9570
27942
14392
7191
32718
21452
5237
17969
26051
3091
3142
604
8833
24620
15408
10177
7906
22983
16049
3964
17664
13800
14588
27865
26290
24598
29794
30345
29643
17156
25681
10919
1040
68
11224
12920
1736
23459
864
19403
9378
13201
10587
23050
31146
25727
5188
13720
25190
24358
22300
11785
10255
14037
4756
28756
16226
26158
1893
21167
4005
23740
24344
21260
24074
11624
16482
9769
27406
11989
29326
9677
1784
12916
7081
4566
22257
3700
4972
19236
23476
24905
22531
22577
9936
26185
1546
16257
31703
2483
6448
20499
18836
21961
14730
26503
9661
17972
17111
29679
4038
19620
19845
13640
21380
19897
26427
6789
26092
2663
20295
2328
25772
10704
13683
21233
4665
6743
1617
652
28216
16462
29834
28185
29175
15146
3900
2157
29812
18124
16792
8240
24970
1911
22636
16464
7106
9151
9382
26244
5212
31201
21109
10830
11397
4074
10234
18303
8432
10280
2833
11968
6969
25881
9270
10659
26887
3881
30081
16858
11005
1214
4222
3959
3771
26230
28705
21261
6523
4895
11298
9951
19019
10132
9413
24029
3496
13014
10219
23259
263
14716
9760
11403
11965
17430
21470
25335
27313
15008
31991
30984
9173
12937
30591
29727
29382
26677
11010
27181
30907
28029
30828
22398
24008
7043
26506
25765
23093
7486
28225
18863
21328
29431
21802
5523
1061
26129
12623
28255
16003
26318
1209
23745
12124
30741
25336
14566
15780
10754
9919
29013
10470
21617
6448
29091
11594
31447
4792
18901
28360
20880
27785
22738
6705
22457
3045
13674
29076
22246
26947
1765
22967
8927
31719
22485
1505
7279
29525
30512
10167
6998
21051
27209
4862
2321
2268
18361
1523
22201
20384
23696
5698
9424
2903
17964
5299
20548
20250
22208
11119
10014
24397
4267
26673
1973
20112
8178
9069
7198
20858
28309
17637
19777
3688
1742
24205
19766
17187
26520
899
16112
21347
16790
2535
23794
21597
29992
27100
13030
24250
11771
3693
13114
24167
27488
18718
29784
30041
24534
2302
12807
2117
17946
31272
30930
22670
1994
1990
628
23903
9933
4029
4104
17259
23047
14668
19126
8792
27325
15602
353
23032
31722
791
11520
7904
11522
7201
30012
26870
10415
10027
14476
14270
30603
29590
12805
10429
18941
13382
7626
28738
7766
22870
25045
10060
8185
27225
16461
11385
25185
4334
8337
25508
23070
13960
21877
18692
18846
28036
6740
12513
10344
2619
19267
14986
32047
15412
6158
28450
17303
6231
21694
12251
8141
3904
2481
8543
10207
29867
24198
29152
20751
20237
9560
20780
27240
4072
27604
21540
15995
15746
28671
10706
15762
4397
17995
1453
32583
13536
10832
10452
12629
28362
17568
9119
17080
24864
10821
24415
31520
9460
21761
21247
3358
28357
31197
30167
9489
13439
14431
3758
1730
26531
21384
11671
22530
2757
26211
3558
21223
5849
11916
12247
5693
7889
20921
28267
29933
4749
16154
30356
7597
4556
6292
15415
29617
8690
15850
10299
26650
24168
22494
27872
14880
26502
12288
29892
7493
24764
32434
10669
14808
14618
30995
4953
26454
6586
14389
26907
8959
13348
19641
18311
18879
22276
517
26506
20464
26826
28391
18453
9072
25051
15923
17421
3664
30482
26524
1599
26495
28930
24614
4388
2191
8142
24138
4723
309
29151
5930
5910
20177
22993
24426
22670
5933
24387
20583
16803
22067
25362
27022
8077
1793
6550
30887
17780
4048
18773
9451
31368
5404
9296
12543
2348
25269
13833
25398
6076
4378
32305
6764
30756
16910
19429
24228
6703
12482
18293
30233
6920
27220
22145
2642
20960
8558
25177
374
13100
13007
24012
13991
21278
2443
18941
18364
15919
8716
31931
7677
8699
6413
28698
27618
27739
8480
31163
15239
27927
10622
21627
5700
6967
26308
1719
30740
14824
27595
31950
23525
23147
31697
254
22080
16922
24925
32347
19727
23189
16403
17253
24772
3468
5012
12469
29127
24914
9522
10607
571
9427
25238
4980
25823
18690
19166
29668
15948
7054
13376
1635
7237
13768
10517
16940
6687
6302
26432
30124
12295
17276
13156
3226
888
32105
15765
10069
28828
15785
17081
13994
11206
28952
3168
9277
19300
25827
11818
32292
12401
5342
8310
17728
18118
6675
4991
8375
23
7163
11345
6931
10544
27005
20315
12100
26607
8381
10286
13953
9939
5189
134
199
15984
31408
4994
4795
2733
5006
5667
30003
14833
9369
28444
29775
10945
4560
19524
16804
17856
29534
24382
10309
9336
31528
16441
5421
26745
14121
12952
17319
21270
32503
16261
25470
8799
20916
8455
8818
14723
6151
17123
27315
24176
22711
10022
1401
5154
7684
28773
8175
24867
32500
220
16562
15192
11311
32683
31351
30080
21457
27217
2675
20395
12097
32152
9132
11106
22732
23832
4283
3022
18913
2493
30239
14056
22004
16869
28568
5241
26146
27295
15981
11861
27468
30390
27277
7689
5105
31295
2851
28083
10530
20819
31207
22986
32407
16373
9653
14431
11049
22024
21921
2485
30433
22846
18435
30271
16561
31677
4671
12161
23545
1928
5080
490
20959
25326
21361
26797
1725
5900
24412
16435
32608
16023
27100
13101
5767
21689
5203
32005
12754
28516
20209
2426
27090
32073
31084
18620
21007
11683
22324
27928
27008
8748
18875
21718
31637
14734
27980
16826
15924
5820
19109
26722
16322
32530
19825
23274
27871
28271
30967
19413
25130
28475
13716
11327
32323
16212
32295
29898
18661
29384
31683
30521
6692
29396
24251
3154
858
24687
26884
17355
31385
3291
19896
2990
3286
25607
16527
18163
19988
13962
18318
6499
32733
8880
8616
31370
16688
1825
23967
7845
10833
30063
26771
16165
19478
30258
29238
5456
24819
5985
1910
30329
12950
29704
24990
31775
2178
12180
31276
14356
24006
14162
6179
22138
8862
1506
28748
14923
22121
24491
9505
19391
4042
20620
22615
31139
1745
15357
3621
25944
6896
16249
29070
17516
26411
25978
1571
3566
8796
29492
10508
1974
28805
32309
996
2726
27774
30260
6868
2649
7301
11084
10112
8519
24800
22943
7093
24221
19731
15001
23517
15645
5937
14743
12068
13222
8491
21758
14634
9544
28433
3161
23475
4453
9368
21408
1242
17904
20125
19461
4869
27159
18643
18609
2632
17102
8342
4473
21135
1402
18889
24273
10522
8432
3548
11503
15766
3452
5984
26975
14784
9849
8751
5380
31734
5751
907
21153
26423
482
26224
26422
12170
21534
18352
8122
8382
18116
8995
30599
24474
12709
27198
24902
22882
2349
10501
13167
30625
17857
13178
20853
1075
1925
30615
453
27285
14504
22405
60
4178
7184
14752
31884
3542
31526
16852
29857
11046
2790
20321
7505
32205
31186
32421
20969
14022
11640
17346
8892
4632
12604
30592
17883
26271
4625
22380
7958
12625
4310
5090
3890
14963
12531
31191
19233
12259
1845
1335
10211
23937
467
6220
466
14563
7331
27458
30360
18137
1136
32021
9180
3546
6359
32337
15052
535
25460
9068
19689
11084
13694
14688
9712
21842
12336
30871
22095
5285
14765
10916
18176
4535
15115
8919
31385
32329
12781
26602
1118
22348
24347
9514
17127
1961
14774
5263
2877
28837
13488
11726
655
6158
24946
15033
3613
19134
23196
27133
12963
13958
23371
17602
16584
15466
7900
10128
7364
17291
12821
21584
29479
21094
31587
26193
28890
8244
32593
19008
23260
23209
21664
10762
19985
5929
22484
30317
16870
6558
5576
14456
6751
2402
22932
11793
9906
10376
19714
2227
15462
2729
5146
1211
18300
21922
20984
9029
17417
27237
18209
29732
15829
12125
24184
28046
19585
24104
28483
15213
5718
1495
16628
11587
15880
11238
14248
21560
23925
30577
26290
21511
14986
31103
22097
2344
31229
332
28124
20707
16694
26092
10443
18189
27764
687
24748
3492
21375
4778
9950
2915
25835
10416
5709
19212
16775
9382
14303
20582
6972
14267
5085
12751
22281
22683
27480
701
2408
17719
25814
16405
18437
29891
30764
12625
29567
22171
31130
16764
22793
2465
24387
25699
26974
24747
9921
2090
22977
21032
7532
19175
19680
12238
14711
28772
23116
25494
10887
15865
21567
9726
32494
1237
32369
26431
4076
2689
22762
10079
30479
11225
21565
6285
5614
4008
5757
13119
9073
27941
25732
14681
20977
22421
8537
6376
30640
28641
26391
26831
12123
13008
10805
19769
6583
2360
30534
29207
28211
11506
32346
28496
8845
6518
19285
28349
22486
21979
17742
21362
8665
25647
26876
14725
32605
25458
9116
31377
5453
5403
24313
23977
11078
12615
28583
2526
29433
5063
4147
18620
2467
2393
21776
24956
24594
4019
20032
2532
10816
6931
17994
24045
14528
7809
20797
19078
28375
2887
16558
3853
31864
421
12097
6854
3473
28756
20667
25221
20669
17988
19177
21616
15125
7470
25882
12003
32505
18050
16195
2808
24365
21079
638
23310
6826
23371
22981
21061
1613
29041
20796
3690
10996
8440
19008
584
32222
7923
4209
2170
21720
32306
19974
6127
7700
24377
16851
11610
18187
17108
3995
12218
8378
25373
14538
12450
31557
18543
18805
30079
12133
21062
9652
30743
2735
16417
30298
17474
6343
1061
17340
6246
34
5650
8901
21257
11944
20957
13514
1428
22211
17179
21394
13525
19490
29648
11694
11693
2726
15395
15168
12618
19016
508
31436
13695
25599
14419
4567
6150
32488
2422
20560
2330
10467
4235
27878
16758
28241
26007
15021
31295
6266
17883
23509
15701
26662
19037
15799
30838
15886
24435
14233
24246
20791
15487
28748
23419
8485
14435
14799
3434
26322
4041
3948
22336
18334
4112
11013
384
16886
18774
26055
12169
27247
19218
13028
19142
22113
16982
26898
28737
31969
19624
1893
10155
29150
1047
10035
20435
20553
8484
1706
10173
4044
25778
5110
21082
17302
24627
29156
32270
3903
8024
31000
24225
22812
3375
24396
9264
32162
27089
25131
15851
27635
29469
13531
29296
14700
10291
2355
10116
936
13210
28825
1835
13564
18387
16583
6838
17061
6960
15807
1351
9519
26068
26784
1208
9397
16005
19608
19384
25606
26539
13669
7081
21233
30325
20840
14675
17416
7113
1590
2259
4080
6241
14700
11762
14453
23109
12683
26976
20008
28078
23039
10683
31780
19434
12241
26171
24689
21093
3968
27435
31669
30331
20546
25248
7861
12209
27352
18908
11589
20800
28614
22340
31590
4516
24158
12616
8438
16336
17950
12211
15163
31404
21573
15507
10255
9196
3484
10351
18240
24613
25075
19161
6323
21175
17862
9178
23325
7271
29008
3369
22473
2587
18885
18287
8963
16758
249
894
27181
672
10394
18540
22551
30808
10248
18438
9530
15530
1952
15676
29164
24823
14288
26636
2515
10392
27780
4864
6446
27274
14116
17602
16606
21388
15320
9645
16710
4562
12782
11868
20966
3036
18404
31121
16833
6233
17658
19811
24823
11883
8240
329
3153
18240
24549
404
14386
32410
32348
796
18546
22103
2526
4808
20015
11506
5524
31715
8066
12392
12951
2973
18244
6088
2179
10184
29839
311
8016
3521
21739
15237
29167
15175
26493
3365
13328
20230
17317
11352
25892
16435
12456
7451
10474
25420
19488
30185
13913
12083
567
7139
7682
23712
16547
22434
29059
3599
16146
1750
1553
736
6939
22184
3408
20489
14855
21529
28926
24543
24325
27739
32630
20436
11410
29969
22320
17582
7852
31582
1545
22861
11495
15244
8246
5874
4577
4306
32514
10165
32469
9274
4735
32445
1374
12756
2039
2784
9038
5213
16206
28528
18264
3120
18276
9133
32299
31999
31166
32034
32005
11939
27628
9930
15857
22689
4145
14444
4462
27431
29573
29874
4819
536
13003
22117
9030
1728
32271
11762
2911
23447
20117
26719
29108
12443
13536
11160
18212
26365
15698
30980
10718
22652
877
4926
7120
15108
20390
15360
28381
15726
11532
11539
25120
22223
29535
13269
16285
11597
27458
29492
9767
10179
14631
28281
30519
31065
976
1344
2650
20397
1714
25663
10212
14755
13536
14933
19930
16859
22320
15868
14276
25056
26398
9167
15875
5247
24789
26213
14957
31261
25280
20667
479
3468
7127
1347
20000
25864
16031
28218
31042
6755
8138
20631
4791
22209
23762
32343
10857
4032
23135
17339
28387
19702
29828
21127
29670
18732
9792
31916
23517
24346
23992
3804
17455
2124
21905
22926
20020
3314
8484
25819
14295
15277
5876
12870
21190
31470
25651
11576
27471
15008
655
6209
2256
19000
27534
4502
16375
7765
5523
9347
21358
7785
12759
21793
5095
46
5399
24824
30504
11200
8785
4618
10437
19486
31750
15892
12465
31885
16175
29759
29467
12865
1622
22005
5868
4640
5298
23850
14820
21255
8970
15764
6877
29228
31899
20328
4548
12940
13543
20489
14396
11007
3435
7337
20373
4212
27295
4413
2849
24543
19527
9852
21058
3745
13247
2098
21776
22713
10521
19611
8430
16221
10258
24881
6498
19904
20293
4231
26840
31434
16327
16799
24491
8031
21105
21613
25132
28732
19394
22539
1085
6359
3659
7340
13435
10790
27808
18415
19850
31209
28421
25516
24828
943
5815
993
25148
3580
26985
10661
27892
15115
11092
19956
32313
32481
15775
16196
11078
14504
21237
3613
28064
32283
24935
1699
29948
2983
22208
8336
8262
5977
7698
26943
18744
7430
8070
19335
24132
737
23452
12950
17390
3515
11002
14386
2804
27791
20903
23662
22759
27652
6778
418
2485
30540
17972
21299
5927
21933
8936
24909
14998
32281
27059
2470
20040
4987
6209
30979
23028
30210
12786
20621
12280
2843
28613
14100
12840
904
12819
16650
21658
28211
8740
7226
29839
8834
25280
29319
14480
14791
25549
30929
6505
27507
32455
30324
26613
21258
24893
8046
14298
6751
5281
6930
971
21300
20608
13713
4711
23865
6076
2779
27780
237
8357
23341
12530
13638
15828
31714
24512
25794
21303
24961
3890
24489
31423
21127
25236
13593
20920
12186
23099
5164
12380
7340
5804
5221
9865
16712
1675
12580
31480
26257
30623
12199
10032
24816
23975
11369
31642
1203
15040
12660
1277
19154
28048
22795
9943
16236
31127
20414
1601
14540
31575
21518
11273
10642
3284
22594
2920
32392
27075
22137
30653
14398
14283
15659
1335
32129
16326
3561
5289
5412
16391
26643
24597
18838
20701
14590
32438
31697
13002
9363
29536
26217
10281
27663
8143
6120
22006
13276
20008
26916
27424
14219
9330
5161
16005
22497
16262
14122
31532
18770
338
21385
503
19310
22873
2159
31521
23072
18296
13871
25980
20237
2842
59
24572
25692
151
703
5060
20293
23122
1517
21106
731
13497
14022
18573
30033
18758
21790
26622
30577
16090
8752
9112
31942
32392
27713
30854
28884
18380
31483
8137
2875
32634
19257
20467
10308
15503
30868
27148
25008
15367
14792
19607
30410
8874
3339
31990
9020
23792
18907
27624
1873
4494
22215
31698
16018
5575
26868
17224
21511
26354
16161
20836
6465
12897
19498
5175
32420
63
32557
14148
6724
7118
15215
16243
19574
653
12308
19195
30736
8904
6722
5010
3748
23118
30517
28582
7866
26223
13425
1189
18987
5615
19801
13246
10869
13456
6290
16742
16467
26486
14293
19128
20841
3757
18056
25904
1303
27445
14654
12837
23675
13524
9038
2695
21691
2318
5060
25827
5229
8308
28027
19875
10885
19782
25839
14866
10173
8399
9775
10955
17125
30006
22234
23179
3529
18746
10821
26586
14067
15983
4504
17140
19398
3213
17757
5397
15235
24747
9830
7744
23125
11876
18505
20831
27941
22860
20297
4174
5856
28370
16665
5783
20507
23709
2047
9739
16117
353
16364
19365
621
2365
22765
24769
30101
12998
2476
16334
3325
1896
27643
31304
24252
19551
13790
13176
14786
4392
32414
2823
17639
20452
14069
17065
15329
21219
3806
23251
1956
26831
6988
15869
2909
19433
2285
20751
29833
9969
20634
1985
24298
2497
650
30375
2384
4865
19364
17113
867
6650
17212
27718
4977
12747
11443
18189
25337
28975
6399
17184
15652
15668
32090
31312
18633
16873
30918
25917
19463
875
12080
15928
3693
18493
24334
21644
24829
22995
19193
16696
8444
20740
8130
16506
23355
14485
27586
13718
17114
12370
6518
14628
4551
29280
19148
16005
11570
30612
19642
26131
13972
19572
5754
31048
4195
9932
26522
21927
30561
16707
17365
10715
9326
2700
14017
24112
17749
32535
29644
3809
4601
10626
19865
15236
3988
2722
15662
27287
10465
6699
22546
13386
15369
11569
4789
30408
4652
15923
23966
31332
32049
18377
8805
21201
15121
12410
25500
14076
7258
7945
12444
9492
7554
4257
29905
2408
15371
18328
30602
20339
14030
12042
22670
29355
23527
27412
18025
14375
19251
7752
11240
13694
12537
27062
29279
24921
18277
27056
16516
14892
23448
13631
30784
2534
9958
30551
16284
24088
17683
14877
6819
114
17
6108
4417
626
21842
22357
12667
22460
17670
23989
16596
22346
24268
30489
19432
4947
20418
28444
20098
29069
4193
29221
2421
11108
23585
15167
24381
19109
29320
27668
17008
8919
3592
22550
12376
5431
6086
8888
11846
19235
6346
5483
251
10447
32261
17839
16838
390
21197
17204
21021
4304
30169
9430
8709
11980
6131
10398
24253
29855
15651
28454
18182
6188
18034
9561
21095
2439
14916
8217
3218
138
6193
24399
28959
30471
16996
24305
24348
24970
29837
4122
30093
14540
3312
3864
18072
16854
5136
23187
14018
8103
21877
18229
4897
32374
11213
24150
3092
5386
7771
10726
28092
8162
21016
31974
4108
22673
18127
31105
11574
1766
13942
22889
22504
26498
9850
18298
17263
20348
31720
24750
5973
32609
2456
30464
26696
27942
13507
13569
5246
10214
3698
4560
16092
363
17147
10746
6140
25063
20964
1206
26170
7724
800
18423
24742
26719
3886
15877
27292
24404
20757
714
20505
16487
19200
7395
13922
13724
28826
21027
18693
10087
13871
31980
6790
32258
1276
29653
25301
23183
13738
21378
20610
16507
27235
24259
29687
8316
26979
14711
1016
11417
18770
23979
11609
25479
22602
1468
17282
22646
19258
2574
20900
11056
3549
28214
20151
3400
9302
15374
1662
25389
25260
26126
16130
18165
23524
5847
18339
20589
19483
18722
32536
13251
2198
1686
1720
28176
14645
477
31227
29887
27641
22742
32068
15969
29718
3321
25225
12341
15485
32706
16269
1502
25146
10310
25949
23495
3385
19781
13511
5542
27899
890
3660
17312
32565
17401
17751
4931
12971
6168
5378
28208
13814
24250
21111
14937
1141
28115
5116
20541
5891
26609
11967
23467
25214
5572
21091
48
29810
10272
32084
13542
8203
32442
10071
380
15618
5340
13407
4582
24939
22579
22887
14261
2451
14126
32152
19229
32166
28680
25657
5794
16888
23715
32112
26946
9445
4859
30716
32031
8649
19087
4247
20937
14403
29898
16591
8364
15608
5447
7859
22200
1409
32084
13923
27756
18847
10489
7749
2259
3877
28868
8310
21280
31348
2313
2644
15844
30427
21148
19200
14052
469
5813
32063
24459
17432
17663
2375
27242
29494
10318
18630
30617
7522
16977
29706
632
15276
19353
32401
8478
27486
16333
797
3122
18846
21792
21468
21597
18380
26083
19289
2034
21585
20995
7208
24351
9753
22180
30634
24361
20901
21139
21233
7860
29607
12467
28942
2468
9697
32516
5138
18513
28388
25818
31293
2493
8273
17613
8404
30837
31533
9272
7309
8426
3071
24817
5857
23140
14119
11233
27949
28436
18244
2924
712
29384
20533
6375
16621
20445
4970
20534
23411
14122
23917
26912
26918
31269
18277
1120
26287
17559
20112
28441
7574
12876
30763
2225
21312
20118
10198
6613
7985
9008
24359
9081
7280
19512
13455
30347
22885
20060
9762
15211
13633
23547
26073
18655
381
269
11176
28778
3783
27676
20184
519
19846
18546
23176
27060
28384
32077
1559
31153
30922
21388
19406
31273
26671
11571
14342
26868
5068
25078
3669
15628
15362
17428
15689
13351
16656
17895
113
21546
22098
15963
4448
22124
488
23046
3869
1755
24596
29866
25521
16885
27600
22620
18667
5652
16473
26406
19428
7294
25048
24953
29165
9894
11014
15554
7817
4553
28434
20283
23111
12112
19769
10655
20612
14193
11079
4559
32280
31507
28954
4531
8281
27345
5187
24706
19881
13281
7589
25374
474
22738
25245
27437
11602
1616
14032
19801
24249
31474
21528
18870
29139
31013
8439
4157
26085
20799
8890
3620
11754
11671
19956
7667
1838
432
28221
4654
10419
21141
3722
17440
18960
1270
235
8139
1931
29971
30111
29342
32747
25409
27839
6154
22678
10306
12279
17505
29843
14016
10373
2043
7071
560
25406
16279
4725
26980
18235
20424
28730
11237
627
9549
8672
21256
30671
2529
25449
13353
6696
23847
235
8139
26079
13220
53
27194
18397
22326
16117
27171
26958
17941
11007
28583
27578
10512
8427
23594
6566
8201
21026
21687
25252
21148
22794
30505
26965
5210
23308
15054
28255
27133
13488
18097
22338
30649
17952
15155
16199
8726
2136
29798
1197
12602
1793
12396
11353
18544
1746
68
15174
11118
29037
27697
23179
49
28422
9084
27733
27637
21283
27397
22498
29437
6057
6085
23703
30380
22309
30557
8655
18051
29931
12490
23601
13205
18529
12594
31621
12659
16257
23886
26346
11356
31770
27179
26024
17355
401
11153
3572
12415
3104
9813
27552
3113
5058
631
31670
9747
28043
26993
8160
20031
12016
20306
17613
10738
6488
15793
30031
15415
7328
9628
25690
4412
9205
2189
2314
9815
17798
5393
13775
26982
31641
15594
19419
15223
20617
560
15061
17220
17587
26029
25942
8114
6260
9764
18374
21279
18280
14125
14938
16626
7904
11832
12468
6499
25777
31660
8081
11985
28240
28920
28882
14034
26610
1511
7885
30189
26681
10740
418
22848
6098
13364
27061
5377
5754
20661
23464
17431
668
2073
28398
5107
27199
4694
9425
28337
17867
26488
11030
24353
16945
29329
11671
19890
14050
28361
4590
30804
28492
7455
5798
17512
10360
608
17982
14716
11906
10462
25615
14206
30048
15124
19561
18208
22518
10652
6302
29814
3720
9036
12142
13262
28061
8629
4332
10647
9779
31822
15308
31732
7398
5904
14775
17372
25428
17725
1187
16244
13006
14631
1237
3862
18679
591
15444
22539
24654
21972
1230
17252
32233
27045
8656
10710
29004
21262
28862
8997
12085
28116
13162
20479
9724
31455
30713
18370
26028
18040
18624
32475
9418
70
16936
3710
19960
10932
20292
17767
4675
11081
1036
20765
29597
4394
6050
27054
15507
4540
31491
14474
9755
27484
8050
12319
2770
2378
493
6597
2825
21269
25638
16146
24052
3991
17199
5195
32074
19614
25609
21729
8192
12
13524
28823
32169
4670
29747
26641
32092
17232
23831
15557
25515
17679
4911
5501
7883
26712
6030
11821
20108
3450
899
14781
27486
5412
7357
4306
1375
23157
27534
5571
24550
19659
26945
28151
8968
10471
29410
31866
31310
14355
3021
7246
900
5567
1917
16108
13256
21990
18592
18563
27822
27122
18119
23978
4535
23012
19128
18247
24296
11757
102
20707
9318
20904
11600
10441
30434
17557
23103
9124
13382
14531
13121
5069
12914
32421
18486
28805
19152
28796
621
5850
29447
5420
19593
3444
2426
22730
27407
21565
16908
19597
1650
30239
4984
25734
15982
1334
19152
18173
23717
199
19995
31013
10107
16945
16301
7751
28070
68
9498
440
2410
17757
31788
25488
20607
31603
32079
9357
19596
19449
30493
23391
30097
10857
5703
17799
17767
16819
1542
6895
3060
990
16661
29110
3491
6421
21340
30635
11966
32759
30536
26689
8821
698
19817
29371
12511
9816
13020
19444
14813
9004
25566
11087
6002
26095
2516
6679
881
6114
19250
3217
24737
10349
14689
16420
22777
384
7523
28351
4378
4513
14226
31086
23087
28693
6700
368
12878
31012
25195
9896
2181
29374
28944
31319
1114
2616
12430
26661
11038
6984
28767
18453
10940
24714
18333
28855
8376
19988
14267
7227
4072
8232
26109
1420
32358
1218
3202
31151
32453
31310
19568
32518
5443
15314
8595
1993
26691
12010
13384
150
13000
17861
22651
10971
16380
28965
27098
2375
20651
16727
449
23554
11440
6469
16990
24976
25590
26000
31809
16628
9185
12129
19264
8488
7446
24230
8724
28721
22512
6193
22454
9869
13735
3803
7701
5131
31970
13125
11202
6797
31587
27764
2515
11685
2009
29834
23288
1466
13861
24121
11228
21797
6197
29878
13346
28393
23024
30007
12721
912
12317
4307
17441
5063
8091
7367
601
24120
864
22840
5099
832
4986
27851
14468
9079
9937
11441
17136
14358
29451
31367
21246
30186
6132
20368
21832
10972
28752
25985
8196
6208
14838
32029
20780
28449
10647
17088
6315
15914
28610
22621
5697
11914
6920
24951
3033
32635
13782
13179
28029
28008
5324
11171
14399
31706
29233
11636
24679
20932
24834
9127
28715
17677
32081
3761
22426
24754
6727
2178
24218
30921
9343
12906
30409
15594
26501
4708
5943
18277
29243
17084
25161
40
30164
21670
12056
653
10836
14004
257
5286
19281
3546
1023
11245
2970
26225
18173
27226
27448
18278
21502
5327
17552
6847
4668
21934
13270
24536
6149
5648
19401
15914
21810
31650
9789
8367
29094
1921
23087
29425
28718
657
9758
17355
3812
21673
29628
31686
12000
7789
15964
10383
3843
16386
5263
517
28309
19603
7710
3085
32190
32698
19079
8606
11272
28583
23489
11318
13013
30135
27036
19756
21508
6570
14003
25272
29672
12948
18788
341
13957
32078
13068
